2.750680000000000000e+05 3.474219100000000000e+08
2.752830000000000000e+05 1.386360500000000000e+07
2.750670000000000000e+05 6.886425240000000000e+08
2.750010000000000000e+05 1.190565827000000000e+09
2.750010000000000000e+05 1.074775504000000000e+09
2.750680000000000000e+05 6.369270880000000000e+08
2.753710000000000000e+05 1.047337034000000000e+09
2.750680000000000000e+05 2.530407500000000000e+08
2.750680000000000000e+05 9.753627100000000000e+07
2.750680000000000000e+05 1.158629130000000000e+08
2.750680000000000000e+05 7.859319300000000000e+07
2.750680000000000000e+05 1.474858420000000000e+09
2.752820000000000000e+05 7.346335500000000000e+07
2.751250000000000000e+05 1.390970399000000000e+09
2.750680000000000000e+05 1.051246500000000000e+08
2.750680000000000000e+05 1.895134790000000000e+08
2.751250000000000000e+05 1.571638069000000000e+09
2.750010000000000000e+05 1.320635634000000000e+09
2.750670000000000000e+05 6.821556690000000000e+08
2.750000000000000000e+05 8.582130900000000000e+07
2.750000000000000000e+05 8.792222300000000000e+07
2.753100000000000000e+05 9.736655830000000000e+08
2.753760000000000000e+05 2.230710960000000000e+08
2.753440000000000000e+05 3.226650460000000000e+08
2.749710000000000000e+05 8.997093990000000000e+08
2.749710000000000000e+05 1.209283570000000000e+09
2.749990000000000000e+05 1.566357460000000000e+08
2.753760000000000000e+05 5.194676400000000000e+08
2.753760000000000000e+05 -1.440299727000000000e+09
2.753760000000000000e+05 5.101518380000000000e+08
2.749980000000000000e+05 7.669691410000000000e+08
2.749990000000000000e+05 8.345921960000000000e+08
2.749980000000000000e+05 3.522491340000000000e+08
2.749980000000000000e+05 6.396224350000000000e+08
2.753440000000000000e+05 1.392092820000000000e+08
2.753440000000000000e+05 1.804431960000000000e+08
2.749990000000000000e+05 2.975672920000000000e+08
2.750010000000000000e+05 1.857309694000000000e+09
2.753440000000000000e+05 2.463371530000000000e+08
2.749990000000000000e+05 6.593349880000000000e+08
2.753760000000000000e+05 2.072724091000000000e+09
2.750010000000000000e+05 2.126708851000000000e+09
2.749990000000000000e+05 1.900980762000000000e+09
2.749990000000000000e+05 1.634978223000000000e+09
2.750010000000000000e+05 1.073674800000000000e+08
2.750010000000000000e+05 3.576150580000000000e+08
2.750010000000000000e+05 2.777329080000000000e+08
2.750010000000000000e+05 2.439960030000000000e+08
2.750680000000000000e+05 6.460677410000000000e+08
2.750680000000000000e+05 8.298815240000000000e+08
2.750680000000000000e+05 1.669442578000000000e+09
2.751250000000000000e+05 1.024117036000000000e+09
2.750680000000000000e+05 9.039699530000000000e+08
2.750010000000000000e+05 1.525492874000000000e+09
2.751250000000000000e+05 4.942820060000000000e+08
2.753710000000000000e+05 9.504152010000000000e+08
2.753750000000000000e+05 1.902415347000000000e+09
2.749990000000000000e+05 1.469460694000000000e+09
2.749990000000000000e+05 1.719909362000000000e+09
2.753750000000000000e+05 3.389958600000000000e+08
2.753380000000000000e+05 3.901278900000000000e+08
2.753750000000000000e+05 1.652686929000000000e+09
2.749990000000000000e+05 2.071282699000000000e+09
2.751250000000000000e+05 1.295801423000000000e+09
2.753750000000000000e+05 1.989563349000000000e+09
2.749990000000000000e+05 2.074457597000000000e+09
2.753750000000000000e+05 1.251737422000000000e+09
2.753750000000000000e+05 2.091185606000000000e+09
2.753750000000000000e+05 1.340072779000000000e+09
2.753710000000000000e+05 5.217408520000000000e+08
2.753370000000000000e+05 1.399169860000000000e+08
2.753110000000000000e+05 6.018944470000000000e+08
2.753370000000000000e+05 2.270630350000000000e+08
2.753750000000000000e+05 1.261386770000000000e+08
2.749990000000000000e+05 2.144627874000000000e+09
2.753750000000000000e+05 6.179393180000000000e+08
2.753750000000000000e+05 1.852133198000000000e+09
2.752820000000000000e+05 8.952444200000000000e+07
2.750010000000000000e+05 7.206636350000000000e+08
2.750010000000000000e+05 5.691554050000000000e+08
2.750010000000000000e+05 9.656384090000000000e+08
2.750010000000000000e+05 1.312398859000000000e+09
2.750010000000000000e+05 7.858853020000000000e+08
2.750010000000000000e+05 1.125582462000000000e+09
2.750010000000000000e+05 1.750991950000000000e+09
2.750010000000000000e+05 7.651866160000000000e+08
2.750010000000000000e+05 1.512278287000000000e+09
2.750010000000000000e+05 1.660554980000000000e+09
2.750010000000000000e+05 1.080156582000000000e+09
2.753440000000000000e+05 4.851073000000000000e+07
2.750010000000000000e+05 1.420799642000000000e+09
2.750010000000000000e+05 1.436312442000000000e+09
2.750680000000000000e+05 9.338302150000000000e+08
2.752820000000000000e+05 8.077773900000000000e+07
2.750010000000000000e+05 1.277197824000000000e+09
2.753110000000000000e+05 1.132290863000000000e+09
2.751250000000000000e+05 1.650472094000000000e+09
2.750670000000000000e+05 3.472628620000000000e+08
2.753190000000000000e+05 2.822633650000000000e+08
2.753370000000000000e+05 6.822697300000000000e+07
2.753710000000000000e+05 1.008188630000000000e+09
2.753710000000000000e+05 1.079611687000000000e+09
2.751250000000000000e+05 1.572480986000000000e+09
2.751250000000000000e+05 1.593444976000000000e+09
2.753750000000000000e+05 4.548960510000000000e+08
2.753370000000000000e+05 2.494237650000000000e+08
2.753750000000000000e+05 8.455067610000000000e+08
2.753750000000000000e+05 1.047967627000000000e+09
2.753750000000000000e+05 1.626867740000000000e+08
2.753750000000000000e+05 2.883840990000000000e+08
2.753750000000000000e+05 9.712544650000000000e+08
2.753750000000000000e+05 -2.025570444000000000e+09
2.753750000000000000e+05 1.768296014000000000e+09
2.753370000000000000e+05 2.467738010000000000e+08
2.753370000000000000e+05 6.920034000000000000e+08
2.753750000000000000e+05 7.048138160000000000e+08
2.751240000000000000e+05 3.279529960000000000e+08
2.751240000000000000e+05 2.379874670000000000e+08
2.751250000000000000e+05 1.217934832000000000e+09
2.753370000000000000e+05 2.877736020000000000e+08
2.753380000000000000e+05 2.982135700000000000e+08
2.751250000000000000e+05 8.223005490000000000e+08
2.751250000000000000e+05 8.237782420000000000e+08
2.753370000000000000e+05 3.507715160000000000e+08
2.753750000000000000e+05 9.281980540000000000e+08
2.751250000000000000e+05 9.512160050000000000e+08
2.753380000000000000e+05 3.211584500000000000e+07
2.753750000000000000e+05 3.898272650000000000e+08
2.753750000000000000e+05 6.024098700000000000e+08
2.753750000000000000e+05 1.050511485000000000e+09
2.753380000000000000e+05 7.669294840000000000e+08
2.753750000000000000e+05 1.351465681000000000e+09
2.753370000000000000e+05 1.862479060000000000e+08
2.752840000000000000e+05 1.288358650000000000e+08
2.753750000000000000e+05 2.607392720000000000e+08
2.753710000000000000e+05 4.117563140000000000e+08
2.753750000000000000e+05 2.113303949000000000e+09
2.753370000000000000e+05 1.081956360000000000e+08
2.753370000000000000e+05 1.226664790000000000e+08
2.753370000000000000e+05 7.312612400000000000e+07
2.753370000000000000e+05 7.509448300000000000e+07
2.753190000000000000e+05 1.006349630000000000e+08
2.753370000000000000e+05 6.068272750000000000e+08
2.753750000000000000e+05 6.812665820000000000e+08
2.753750000000000000e+05 1.214119498000000000e+09
2.753750000000000000e+05 1.148456144000000000e+09
2.753710000000000000e+05 5.114585810000000000e+08
2.753750000000000000e+05 2.680215850000000000e+08
2.753760000000000000e+05 6.233342490000000000e+08
2.753760000000000000e+05 2.030925053000000000e+09
2.742500000000000000e+05 1.910871830000000000e+08
2.734500000000000000e+05 4.882065190000000000e+08
2.742510000000000000e+05 4.730485400000000000e+07
2.742510000000000000e+05 4.063633790000000000e+08
2.731580000000000000e+05 1.013186261000000000e+09
2.735020000000000000e+05 3.248052040000000000e+08
2.743160000000000000e+05 7.216976430000000000e+08
2.743190000000000000e+05 9.042330200000000000e+07
2.742410000000000000e+05 1.276786844000000000e+09
2.743350000000000000e+05 1.555522303000000000e+09
2.744420000000000000e+05 9.882418910000000000e+08
2.743160000000000000e+05 9.237433850000000000e+08
2.731580000000000000e+05 8.595452090000000000e+08
2.744410000000000000e+05 5.873896070000000000e+08
2.734920000000000000e+05 1.332137280000000000e+08
2.734930000000000000e+05 1.671213400000000000e+07
2.734930000000000000e+05 1.433673610000000000e+08
2.743350000000000000e+05 1.409008950000000000e+08
2.742500000000000000e+05 6.155210350000000000e+08
2.743380000000000000e+05 6.496453340000000000e+08
2.742510000000000000e+05 4.347372220000000000e+08
2.742500000000000000e+05 3.675029400000000000e+07
2.742500000000000000e+05 5.106358710000000000e+08
2.742500000000000000e+05 1.052548277000000000e+09
2.737250000000000000e+05 -1.693914100000000000e+09
2.742500000000000000e+05 7.231565540000000000e+08
2.743350000000000000e+05 4.024336870000000000e+08
2.743350000000000000e+05 4.022998140000000000e+08
2.742500000000000000e+05 6.979432700000000000e+08
2.743160000000000000e+05 7.344533240000000000e+08
2.741570000000000000e+05 8.280465000000000000e+08
2.743380000000000000e+05 1.141689930000000000e+08
2.744220000000000000e+05 -1.417026908000000000e+09
2.737250000000000000e+05 -1.498259246000000000e+09
2.743350000000000000e+05 1.134085791000000000e+09
2.744220000000000000e+05 3.142706170000000000e+08
2.737300000000000000e+05 8.397834460000000000e+08
2.742500000000000000e+05 9.835424730000000000e+08
2.734500000000000000e+05 7.777854390000000000e+08
2.743160000000000000e+05 1.078022750000000000e+08
2.743160000000000000e+05 1.446543827000000000e+09
2.743160000000000000e+05 1.059273213000000000e+09
2.742500000000000000e+05 2.185671800000000000e+08
2.744220000000000000e+05 4.170421200000000000e+08
2.744420000000000000e+05 3.420100070000000000e+08
2.742410000000000000e+05 1.301677451000000000e+09
2.743160000000000000e+05 1.456943780000000000e+09
2.743350000000000000e+05 5.264328770000000000e+08
2.743150000000000000e+05 8.760296720000000000e+08
2.744220000000000000e+05 1.157750995000000000e+09
2.742440000000000000e+05 4.001227940000000000e+08
2.743150000000000000e+05 8.265810970000000000e+08
2.743160000000000000e+05 3.116225400000000000e+08
2.737250000000000000e+05 1.468888638000000000e+09
2.744400000000000000e+05 1.013989660000000000e+08
2.734920000000000000e+05 1.060527140000000000e+08
2.742510000000000000e+05 4.201664430000000000e+08
2.743380000000000000e+05 2.060871750000000000e+08
2.743160000000000000e+05 1.068672720000000000e+09
2.743160000000000000e+05 1.072264816000000000e+09
2.742500000000000000e+05 1.363268240000000000e+08
2.742500000000000000e+05 1.205201920000000000e+09
2.734490000000000000e+05 1.930327130000000000e+08
2.734940000000000000e+05 5.329094400000000000e+07
2.742440000000000000e+05 4.033383800000000000e+07
2.734500000000000000e+05 3.024286000000000000e+06
2.742440000000000000e+05 1.277475940000000000e+08
2.742440000000000000e+05 1.510840580000000000e+08
2.742440000000000000e+05 6.294125580000000000e+08
2.744220000000000000e+05 -7.691583160000000000e+08
2.743150000000000000e+05 5.473056460000000000e+08
2.742500000000000000e+05 3.237995850000000000e+08
2.742500000000000000e+05 1.134708732000000000e+09
2.742500000000000000e+05 4.965438320000000000e+08
2.743160000000000000e+05 2.748973990000000000e+08
2.742500000000000000e+05 3.799752350000000000e+08
2.742500000000000000e+05 1.037707927000000000e+09
2.743380000000000000e+05 5.497554500000000000e+07
2.742500000000000000e+05 5.726462660000000000e+08
2.734940000000000000e+05 2.076987590000000000e+08
2.742440000000000000e+05 3.373345680000000000e+08
2.744220000000000000e+05 1.177782637000000000e+09
2.742500000000000000e+05 8.852182390000000000e+08
2.734500000000000000e+05 5.529671740000000000e+08
2.744220000000000000e+05 2.844500870000000000e+08
2.742500000000000000e+05 1.166055897000000000e+09
2.742500000000000000e+05 4.396900900000000000e+07
2.743350000000000000e+05 9.541342220000000000e+08
2.744220000000000000e+05 -1.429470671000000000e+09
2.742410000000000000e+05 1.588191120000000000e+09
2.743190000000000000e+05 9.984701800000000000e+07
2.742440000000000000e+05 3.386468150000000000e+08
2.742500000000000000e+05 1.883579010000000000e+08
2.742500000000000000e+05 7.192690820000000000e+08
2.742500000000000000e+05 8.269519610000000000e+08
2.737250000000000000e+05 9.738809460000000000e+08
2.741610000000000000e+05 2.956641680000000000e+08
2.744420000000000000e+05 9.766865340000000000e+08
2.734930000000000000e+05 1.318182020000000000e+08
2.743880000000000000e+05 2.451719920000000000e+08
2.742440000000000000e+05 2.059296300000000000e+07
2.744220000000000000e+05 1.481817400000000000e+07
2.744220000000000000e+05 -1.556890050000000000e+09
2.737250000000000000e+05 -1.954305195000000000e+09
2.735020000000000000e+05 9.698776510000000000e+08
2.742410000000000000e+05 1.443324479000000000e+09
2.743350000000000000e+05 7.940336400000000000e+07
2.734500000000000000e+05 3.473695280000000000e+08
2.742440000000000000e+05 2.730755010000000000e+08
2.734930000000000000e+05 7.944319500000000000e+07
2.742510000000000000e+05 4.846138550000000000e+08
2.744220000000000000e+05 7.703911400000000000e+07
2.743350000000000000e+05 6.170520460000000000e+08
2.744220000000000000e+05 2.700052550000000000e+08
2.742410000000000000e+05 1.285496158000000000e+09
2.742440000000000000e+05 2.608783220000000000e+08
2.743160000000000000e+05 1.544343592000000000e+09
2.744220000000000000e+05 1.095662667000000000e+09
2.734490000000000000e+05 1.827115430000000000e+08
2.744220000000000000e+05 -1.507675938000000000e+09
2.743350000000000000e+05 2.411016690000000000e+08
2.734500000000000000e+05 5.173125490000000000e+08
2.734930000000000000e+05 3.572949800000000000e+07
2.744220000000000000e+05 5.805088180000000000e+08
2.742410000000000000e+05 1.398362616000000000e+09
2.735020000000000000e+05 1.591836130000000000e+08
2.743150000000000000e+05 4.860157220000000000e+08
2.744220000000000000e+05 2.126380290000000000e+08
2.742410000000000000e+05 1.491329599000000000e+09
2.742440000000000000e+05 1.783607330000000000e+08
2.744220000000000000e+05 -1.414531434000000000e+09
2.734490000000000000e+05 1.961321400000000000e+08
2.733020000000000000e+05 3.253808290000000000e+08
2.742440000000000000e+05 1.680015290000000000e+08
2.742840000000000000e+05 1.076500780000000000e+08
2.744220000000000000e+05 9.787547920000000000e+08
2.742410000000000000e+05 1.404743951000000000e+09
2.735020000000000000e+05 3.264921180000000000e+08
2.742410000000000000e+05 7.961577710000000000e+08
2.743150000000000000e+05 2.094995400000000000e+08
2.743150000000000000e+05 2.090452600000000000e+08
2.744200000000000000e+05 1.185217210000000000e+08
2.743140000000000000e+05 9.603506500000000000e+07
2.743880000000000000e+05 1.615935238000000000e+09
2.743880000000000000e+05 1.030757768000000000e+09
2.743880000000000000e+05 1.043646751000000000e+09
2.742000000000000000e+05 2.883196340000000000e+08
2.743880000000000000e+05 2.096657500000000000e+08
2.741990000000000000e+05 1.009800155000000000e+09
2.742000000000000000e+05 8.903520000000000000e+05
2.741990000000000000e+05 7.839120310000000000e+08
2.742000000000000000e+05 8.949265700000000000e+07
2.742000000000000000e+05 8.831787600000000000e+07
2.741990000000000000e+05 8.671704640000000000e+08
2.741990000000000000e+05 6.822144950000000000e+08
2.743880000000000000e+05 2.017163503000000000e+09
2.741990000000000000e+05 9.547076870000000000e+08
2.743150000000000000e+05 5.107286760000000000e+08
2.743140000000000000e+05 2.022136960000000000e+08
2.743880000000000000e+05 2.515819200000000000e+07
2.753100000000000000e+05 -1.474037341000000000e+09
2.750010000000000000e+05 -1.948742474000000000e+09
2.753450000000000000e+05 6.701484560000000000e+08
2.753700000000000000e+05 2.345573550000000000e+08
2.743880000000000000e+05 1.403226630000000000e+09
2.743880000000000000e+05 -2.080315378000000000e+09
2.753110000000000000e+05 1.145169320000000000e+08
2.753760000000000000e+05 1.402885116000000000e+09
2.750680000000000000e+05 1.303122388000000000e+09
2.743870000000000000e+05 1.252945750000000000e+08
2.753760000000000000e+05 -1.507265895000000000e+09
2.734020000000000000e+05 2.413687140000000000e+08
2.734020000000000000e+05 1.633656230000000000e+08
2.749710000000000000e+05 1.152470843000000000e+09
2.749990000000000000e+05 7.894749890000000000e+08
2.734020000000000000e+05 2.530782590000000000e+08
2.734470000000000000e+05 6.356255100000000000e+07
2.742400000000000000e+05 1.025524720000000000e+08
2.734030000000000000e+05 1.749394000000000000e+06
2.751240000000000000e+05 5.422921170000000000e+08
2.734060000000000000e+05 5.342941300000000000e+07
2.734250000000000000e+05 4.785528810000000000e+08
2.734250000000000000e+05 4.912112170000000000e+08
2.749990000000000000e+05 1.207427990000000000e+08
2.753100000000000000e+05 -1.677973451000000000e+09
2.749710000000000000e+05 1.264917741000000000e+09
2.753760000000000000e+05 1.956926430000000000e+09
2.753760000000000000e+05 2.059590756000000000e+09
2.753760000000000000e+05 2.080054042000000000e+09
2.750680000000000000e+05 1.455721912000000000e+09
2.753450000000000000e+05 6.312566740000000000e+08
2.734250000000000000e+05 1.524259240000000000e+08
2.734250000000000000e+05 1.124090390000000000e+08
2.753100000000000000e+05 2.033311617000000000e+09
2.753100000000000000e+05 2.034186741000000000e+09
2.753710000000000000e+05 3.202113400000000000e+08
2.734060000000000000e+05 9.328808300000000000e+07
2.750730000000000000e+05 4.736044990000000000e+08
2.749990000000000000e+05 2.524101430000000000e+08
2.750740000000000000e+05 9.755161240000000000e+08
2.750740000000000000e+05 9.903169670000000000e+08
2.749980000000000000e+05 6.908465630000000000e+08
2.749990000000000000e+05 4.919007730000000000e+08
2.749980000000000000e+05 3.808213210000000000e+08
2.749990000000000000e+05 3.309052170000000000e+08
2.749980000000000000e+05 3.695254250000000000e+08
2.753100000000000000e+05 1.810082686000000000e+09
2.753100000000000000e+05 1.646646960000000000e+09
2.743880000000000000e+05 -1.998245715000000000e+09
2.753090000000000000e+05 7.493324060000000000e+08
2.734470000000000000e+05 8.824261900000000000e+07
2.737250000000000000e+05 1.995260149000000000e+09
2.744220000000000000e+05 -9.142289130000000000e+08
2.744420000000000000e+05 1.810164090000000000e+08
2.734470000000000000e+05 5.213842650000000000e+08
2.744210000000000000e+05 6.165262780000000000e+08
2.744210000000000000e+05 3.117167090000000000e+08
2.743440000000000000e+05 9.747129690000000000e+08
2.750730000000000000e+05 3.644334300000000000e+08
2.750730000000000000e+05 6.719068730000000000e+08
2.753100000000000000e+05 1.994556330000000000e+09
2.744210000000000000e+05 6.349825170000000000e+08
2.744200000000000000e+05 2.887043080000000000e+08
2.734470000000000000e+05 1.442112330000000000e+08
2.737250000000000000e+05 1.425845040000000000e+08
2.737250000000000000e+05 2.157365400000000000e+08
2.734470000000000000e+05 2.408684570000000000e+08
2.744210000000000000e+05 2.879942490000000000e+08
2.753450000000000000e+05 8.958934900000000000e+07
2.753760000000000000e+05 -2.366917490000000000e+08
2.753100000000000000e+05 1.813080520000000000e+09
2.753100000000000000e+05 -1.753474606000000000e+09
2.753710000000000000e+05 1.897245160000000000e+08
2.737300000000000000e+05 1.918321653000000000e+09
2.743870000000000000e+05 2.246292590000000000e+08
2.743870000000000000e+05 2.265689610000000000e+08
2.753760000000000000e+05 1.579184708000000000e+09
2.753100000000000000e+05 -1.979423820000000000e+09
2.753100000000000000e+05 -1.979682117000000000e+09
2.749990000000000000e+05 2.494448930000000000e+08
2.749990000000000000e+05 3.663632070000000000e+08
2.750730000000000000e+05 6.927982260000000000e+08
2.743450000000000000e+05 1.165187000000000000e+06
2.740940000000000000e+05 2.421571710000000000e+08
2.753380000000000000e+05 3.974335470000000000e+08
2.753700000000000000e+05 2.498023610000000000e+08
2.753760000000000000e+05 -1.258045360000000000e+09
2.753710000000000000e+05 2.791441500000000000e+08
2.734250000000000000e+05 5.112703690000000000e+08
2.753100000000000000e+05 -1.839648598000000000e+09
2.753760000000000000e+05 -1.846109514000000000e+09
2.734480000000000000e+05 5.198331160000000000e+08
2.737250000000000000e+05 7.944471680000000000e+08
2.744200000000000000e+05 1.440436950000000000e+08
2.744210000000000000e+05 5.305897850000000000e+08
2.741610000000000000e+05 8.587408220000000000e+08
2.744220000000000000e+05 -1.625676376000000000e+09
2.744400000000000000e+05 5.813600600000000000e+08
2.741570000000000000e+05 3.975559410000000000e+08
2.744210000000000000e+05 2.340818660000000000e+08
2.744200000000000000e+05 6.438716000000000000e+07
2.750730000000000000e+05 7.923319700000000000e+08
2.750740000000000000e+05 8.562091540000000000e+08
2.753100000000000000e+05 -2.012182173000000000e+09
2.753760000000000000e+05 -1.583893531000000000e+09
2.753700000000000000e+05 4.785400130000000000e+08
2.749980000000000000e+05 4.338441660000000000e+08
2.749990000000000000e+05 4.939022120000000000e+08
2.750010000000000000e+05 7.893263760000000000e+08
2.749990000000000000e+05 1.055993010000000000e+08
2.753700000000000000e+05 3.927871070000000000e+08
2.753760000000000000e+05 -1.005107360000000000e+09
2.749990000000000000e+05 8.763171200000000000e+07
2.749680000000000000e+05 1.858435687000000000e+09
2.743390000000000000e+05 7.326406300000000000e+07
2.750740000000000000e+05 2.630731440000000000e+08
2.753710000000000000e+05 2.076089580000000000e+08
2.744220000000000000e+05 1.654002233000000000e+09
2.753100000000000000e+05 1.555511856000000000e+09
2.753110000000000000e+05 5.897408650000000000e+08
2.744220000000000000e+05 6.769967720000000000e+08
2.749710000000000000e+05 3.857936770000000000e+08
2.743880000000000000e+05 -1.590453770000000000e+09
2.753710000000000000e+05 3.674350870000000000e+08
2.753710000000000000e+05 4.266186870000000000e+08
2.753760000000000000e+05 -4.342103670000000000e+08
2.753760000000000000e+05 -2.498652080000000000e+08
2.751250000000000000e+05 1.772250403000000000e+09
2.743880000000000000e+05 -1.513426575000000000e+09
2.751250000000000000e+05 2.922601700000000000e+08
2.753110000000000000e+05 4.858833400000000000e+08
2.737300000000000000e+05 1.353851866000000000e+09
2.753100000000000000e+05 1.311718530000000000e+08
2.753760000000000000e+05 7.553662400000000000e+07
2.734480000000000000e+05 5.109625880000000000e+08
2.743880000000000000e+05 1.816302953000000000e+09
2.743880000000000000e+05 1.817674382000000000e+09
2.734480000000000000e+05 3.369947210000000000e+08
2.734480000000000000e+05 4.446718240000000000e+08
2.734480000000000000e+05 4.904032190000000000e+08
2.743870000000000000e+05 6.410485220000000000e+08
2.749980000000000000e+05 1.238335351000000000e+09
2.750670000000000000e+05 3.435756970000000000e+08
2.753100000000000000e+05 8.695545170000000000e+08
2.744220000000000000e+05 -8.150376000000000000e+08
2.744400000000000000e+05 6.864646840000000000e+08
2.737250000000000000e+05 4.819338110000000000e+08
2.743440000000000000e+05 3.442703340000000000e+08
2.737250000000000000e+05 3.156309660000000000e+08
2.749680000000000000e+05 8.131172300000000000e+08
2.749690000000000000e+05 1.531644354000000000e+09
2.753110000000000000e+05 1.923656700000000000e+07
2.753760000000000000e+05 1.306714153000000000e+09
2.734250000000000000e+05 7.062904030000000000e+08
2.753440000000000000e+05 2.831228930000000000e+08
2.734470000000000000e+05 3.714830980000000000e+08
2.743440000000000000e+05 3.944194830000000000e+08
2.743880000000000000e+05 -2.057042945000000000e+09
2.734480000000000000e+05 4.162283900000000000e+08
2.744220000000000000e+05 1.926145586000000000e+09
2.753100000000000000e+05 5.286697190000000000e+08
2.749680000000000000e+05 6.681154700000000000e+07
2.753090000000000000e+05 1.762194060000000000e+08
2.753760000000000000e+05 1.410104503000000000e+09
2.734470000000000000e+05 5.981011730000000000e+08
2.741610000000000000e+05 4.262504100000000000e+08
2.744210000000000000e+05 4.639023680000000000e+08
2.734250000000000000e+05 8.794205990000000000e+08
2.734480000000000000e+05 2.625096490000000000e+08
2.737250000000000000e+05 2.481558260000000000e+08
2.744210000000000000e+05 4.380791100000000000e+07
2.737250000000000000e+05 2.738461110000000000e+08
2.741990000000000000e+05 4.062127220000000000e+08
2.744420000000000000e+05 7.672290680000000000e+08
2.741720000000000000e+05 1.114836660000000000e+08
2.737300000000000000e+05 6.007198510000000000e+08
2.741570000000000000e+05 1.601758270000000000e+08
2.741570000000000000e+05 2.223097430000000000e+08
2.741570000000000000e+05 3.030059110000000000e+08
2.744210000000000000e+05 4.277011640000000000e+08
2.743380000000000000e+05 9.979316640000000000e+08
2.744400000000000000e+05 3.209257190000000000e+08
2.744410000000000000e+05 3.172189670000000000e+08
2.744420000000000000e+05 9.982730770000000000e+08
2.744200000000000000e+05 2.188916240000000000e+08
2.743350000000000000e+05 2.129591690000000000e+08
2.741610000000000000e+05 5.971798440000000000e+08
2.741610000000000000e+05 8.061327590000000000e+08
2.744420000000000000e+05 6.112305250000000000e+08
2.744420000000000000e+05 7.293626070000000000e+08
2.744420000000000000e+05 7.771451000000000000e+08
2.734480000000000000e+05 9.640230300000000000e+07
2.744420000000000000e+05 4.589057050000000000e+08
2.743160000000000000e+05 1.343087787000000000e+09
2.734490000000000000e+05 1.156366770000000000e+08
2.744220000000000000e+05 1.059866769000000000e+09
2.744220000000000000e+05 1.154387625000000000e+09
2.744220000000000000e+05 -1.168830397000000000e+09
2.744220000000000000e+05 4.010157440000000000e+08
2.744220000000000000e+05 -1.175784056000000000e+09
2.741610000000000000e+05 1.475832690000000000e+08
2.742510000000000000e+05 1.175811230000000000e+08
2.742510000000000000e+05 1.793158980000000000e+08
2.742510000000000000e+05 3.823259630000000000e+08
2.734920000000000000e+05 1.701358370000000000e+08
2.743380000000000000e+05 3.560120950000000000e+08
2.743380000000000000e+05 5.073964280000000000e+08
2.743380000000000000e+05 6.227347330000000000e+08
2.744400000000000000e+05 8.691842000000000000e+07
2.744400000000000000e+05 8.533189600000000000e+07
2.737250000000000000e+05 -1.911523085000000000e+09
2.743380000000000000e+05 6.833271000000000000e+07
2.743160000000000000e+05 2.153354840000000000e+08
2.743350000000000000e+05 1.210638672000000000e+09
2.744420000000000000e+05 1.105432082000000000e+09
2.744420000000000000e+05 1.107053713000000000e+09
2.737250000000000000e+05 -1.527113866000000000e+09
2.744410000000000000e+05 2.308816750000000000e+08
2.744410000000000000e+05 5.177465350000000000e+08
2.735020000000000000e+05 1.018604413000000000e+09
2.744410000000000000e+05 8.305324000000000000e+07
2.743350000000000000e+05 1.758357414000000000e+09
2.744400000000000000e+05 2.084684630000000000e+08
2.744400000000000000e+05 2.785011260000000000e+08
2.744410000000000000e+05 5.318024070000000000e+08
2.744220000000000000e+05 -1.994015275000000000e+09
2.744410000000000000e+05 6.154997600000000000e+07
2.743370000000000000e+05 1.301915000000000000e+07
2.743380000000000000e+05 1.041760050000000000e+09
2.744420000000000000e+05 1.177003015000000000e+09
2.743440000000000000e+05 7.265290950000000000e+08
2.743440000000000000e+05 8.289428330000000000e+08
2.743440000000000000e+05 8.843104440000000000e+08
2.735030000000000000e+05 2.514179100000000000e+08
2.735030000000000000e+05 5.777441600000000000e+08
2.744400000000000000e+05 2.312408690000000000e+08
2.744410000000000000e+05 5.489570390000000000e+08
2.744400000000000000e+05 3.954715740000000000e+08
2.743380000000000000e+05 4.355662720000000000e+08
2.743350000000000000e+05 8.048213290000000000e+08
2.743350000000000000e+05 8.054089300000000000e+08
2.744400000000000000e+05 1.914385160000000000e+08
2.744410000000000000e+05 3.478982480000000000e+08
2.744420000000000000e+05 4.122317580000000000e+08
2.743380000000000000e+05 7.334599700000000000e+08
2.744410000000000000e+05 6.060718660000000000e+08
2.743440000000000000e+05 7.396521390000000000e+08
2.744400000000000000e+05 6.078912230000000000e+08
2.744400000000000000e+05 6.771483770000000000e+08
2.744410000000000000e+05 5.479467700000000000e+07
2.742400000000000000e+05 4.887563800000000000e+07
2.742400000000000000e+05 7.363822700000000000e+07
2.743350000000000000e+05 5.489548690000000000e+08
2.743380000000000000e+05 9.730211120000000000e+08
2.737300000000000000e+05 8.436042610000000000e+08
2.744400000000000000e+05 5.094590760000000000e+08
2.744400000000000000e+05 5.287841520000000000e+08
2.743350000000000000e+05 1.761871089000000000e+09
2.743380000000000000e+05 5.933879660000000000e+08
2.744420000000000000e+05 5.440072690000000000e+08
2.744420000000000000e+05 1.051811289000000000e+09
2.735030000000000000e+05 4.444376980000000000e+08
2.743380000000000000e+05 7.164711080000000000e+08
2.744410000000000000e+05 6.739864930000000000e+08
2.744410000000000000e+05 7.255076400000000000e+08
2.744400000000000000e+05 3.960618000000000000e+08
2.737300000000000000e+05 2.549081580000000000e+08
2.742410000000000000e+05 1.028312347000000000e+09
2.737250000000000000e+05 -8.483736750000000000e+08
2.742410000000000000e+05 4.798437270000000000e+08
2.737250000000000000e+05 -9.093742520000000000e+08
2.742410000000000000e+05 9.930212840000000000e+08
2.741570000000000000e+05 1.934521330000000000e+08
2.741980000000000000e+05 1.892234030000000000e+08
2.744220000000000000e+05 -1.309511725000000000e+09
2.744420000000000000e+05 8.259589520000000000e+08
2.742440000000000000e+05 8.357268600000000000e+08
2.743360000000000000e+05 1.375524700000000000e+07
2.743160000000000000e+05 6.621637050000000000e+08
2.741980000000000000e+05 2.387176740000000000e+08
2.742400000000000000e+05 2.844526900000000000e+07
2.741460000000000000e+05 9.136337900000000000e+07
2.741460000000000000e+05 9.175978500000000000e+07
2.741570000000000000e+05 3.873291170000000000e+08
2.741990000000000000e+05 5.207209470000000000e+08
2.735540000000000000e+05 4.347847500000000000e+08
2.741990000000000000e+05 5.848222520000000000e+08
2.735540000000000000e+05 5.126312000000000000e+07
2.741570000000000000e+05 4.170518620000000000e+08
2.742410000000000000e+05 3.516610760000000000e+08
2.737300000000000000e+05 3.414059970000000000e+08
2.735540000000000000e+05 1.194421420000000000e+08
2.735540000000000000e+05 2.363625870000000000e+08
2.741570000000000000e+05 5.128304760000000000e+08
2.742410000000000000e+05 6.047988470000000000e+08
2.742410000000000000e+05 6.062112720000000000e+08
2.737300000000000000e+05 9.248307130000000000e+08
2.741570000000000000e+05 7.547201090000000000e+08
2.742410000000000000e+05 9.392218600000000000e+08
2.741460000000000000e+05 1.017477970000000000e+08
2.744220000000000000e+05 -1.114054881000000000e+09
2.741570000000000000e+05 5.205244610000000000e+08
2.741570000000000000e+05 5.774192060000000000e+08
2.741570000000000000e+05 7.353023150000000000e+08
2.741990000000000000e+05 1.774663070000000000e+08
2.741600000000000000e+05 1.244759630000000000e+08
2.737250000000000000e+05 -9.582546080000000000e+08
2.737300000000000000e+05 2.388277820000000000e+08
2.737300000000000000e+05 1.055499807000000000e+09
2.744200000000000000e+05 2.587005930000000000e+08
2.744210000000000000e+05 3.246034300000000000e+08
2.744210000000000000e+05 5.712062940000000000e+08
2.744210000000000000e+05 5.722657850000000000e+08
2.742410000000000000e+05 3.080752260000000000e+08
2.744210000000000000e+05 3.717920730000000000e+08
2.744400000000000000e+05 6.507597430000000000e+08
2.744420000000000000e+05 1.186482182000000000e+09
2.743160000000000000e+05 1.973509030000000000e+08
2.743160000000000000e+05 4.837914490000000000e+08
2.737250000000000000e+05 -1.782780219000000000e+09
2.743160000000000000e+05 5.905472360000000000e+08
2.741570000000000000e+05 3.462143750000000000e+08
2.737250000000000000e+05 7.714833450000000000e+08
2.737280000000000000e+05 3.764350600000000000e+07
2.737250000000000000e+05 9.647013450000000000e+08
2.743160000000000000e+05 4.814649400000000000e+08
2.744220000000000000e+05 -7.991408500000000000e+08
2.744200000000000000e+05 1.861419360000000000e+08
2.742500000000000000e+05 2.373934090000000000e+08
2.743160000000000000e+05 1.290945453000000000e+09
2.743190000000000000e+05 1.417220280000000000e+08
2.737250000000000000e+05 1.233957948000000000e+09
2.743160000000000000e+05 6.090422970000000000e+08
2.744410000000000000e+05 2.793642400000000000e+07
2.744420000000000000e+05 8.599797920000000000e+08
2.743160000000000000e+05 7.139356370000000000e+08
2.743350000000000000e+05 9.407448360000000000e+08
2.743380000000000000e+05 6.761423720000000000e+08
2.744420000000000000e+05 8.431776220000000000e+08
2.743380000000000000e+05 1.111151397000000000e+09
2.741610000000000000e+05 5.676726860000000000e+08
2.741610000000000000e+05 7.005586370000000000e+08
2.744410000000000000e+05 2.179978710000000000e+08
2.744410000000000000e+05 2.444961960000000000e+08
2.742410000000000000e+05 5.712453310000000000e+08
2.737300000000000000e+05 1.162656528000000000e+09
2.752920000000000000e+05 1.569519980000000000e+08
2.753110000000000000e+05 1.032920868000000000e+09
2.737300000000000000e+05 1.179239895000000000e+09
2.753440000000000000e+05 3.093413880000000000e+08
2.749680000000000000e+05 1.563069372000000000e+09
2.753090000000000000e+05 7.578567980000000000e+08
2.753090000000000000e+05 7.892345020000000000e+08
2.753090000000000000e+05 9.975774650000000000e+08
2.753760000000000000e+05 -4.007017990000000000e+08
2.737300000000000000e+05 1.759479757000000000e+09
2.753110000000000000e+05 9.027755530000000000e+08
2.743820000000000000e+05 1.136458700000000000e+08
2.743870000000000000e+05 5.464515020000000000e+08
2.753100000000000000e+05 1.214913662000000000e+09
2.753450000000000000e+05 5.415460430000000000e+08
2.743870000000000000e+05 1.296998420000000000e+08
2.753100000000000000e+05 2.966912350000000000e+08
2.749680000000000000e+05 3.444238390000000000e+08
2.737300000000000000e+05 1.260218628000000000e+09
2.749690000000000000e+05 1.154770779000000000e+09
2.751240000000000000e+05 9.008446000000000000e+07
2.753760000000000000e+05 -2.794026590000000000e+08
2.753100000000000000e+05 1.691625660000000000e+08
2.743440000000000000e+05 2.289177930000000000e+08
2.737300000000000000e+05 1.346221356000000000e+09
2.737300000000000000e+05 1.302817122000000000e+09
2.753110000000000000e+05 9.359941720000000000e+08
2.753110000000000000e+05 9.363106810000000000e+08
2.743440000000000000e+05 2.765044040000000000e+08
2.750010000000000000e+05 -1.644267044000000000e+09
2.750660000000000000e+05 1.296259230000000000e+08
2.749680000000000000e+05 5.918781030000000000e+08
2.749690000000000000e+05 1.627647493000000000e+09
2.753100000000000000e+05 6.809265770000000000e+08
2.753090000000000000e+05 4.238537300000000000e+07
2.737300000000000000e+05 1.814490206000000000e+09
2.753090000000000000e+05 3.364102960000000000e+08
2.740940000000000000e+05 1.938108190000000000e+08
2.744220000000000000e+05 1.304771418000000000e+09
2.753090000000000000e+05 1.413290460000000000e+08
2.753760000000000000e+05 -1.372220070000000000e+08
2.749680000000000000e+05 9.209985820000000000e+08
2.749680000000000000e+05 2.121485525000000000e+09
2.753110000000000000e+05 8.113663790000000000e+08
2.744220000000000000e+05 -1.618933777000000000e+09
2.752910000000000000e+05 2.180012560000000000e+08
2.753100000000000000e+05 2.390395260000000000e+08
2.753100000000000000e+05 3.299705530000000000e+08
2.743880000000000000e+05 -1.277132388000000000e+09
2.753760000000000000e+05 1.387358657000000000e+09
2.743880000000000000e+05 -1.466319597000000000e+09
2.750730000000000000e+05 1.891513880000000000e+08
2.750730000000000000e+05 1.997557120000000000e+08
2.750660000000000000e+05 3.475849200000000000e+07
2.737300000000000000e+05 1.794478594000000000e+09
2.749710000000000000e+05 8.618691740000000000e+08
2.753090000000000000e+05 3.956710660000000000e+08
2.753760000000000000e+05 -1.386509152000000000e+09
2.750740000000000000e+05 5.662135190000000000e+08
2.750740000000000000e+05 5.667940690000000000e+08
2.753760000000000000e+05 -1.655753159000000000e+09
2.743880000000000000e+05 -1.155405043000000000e+09
2.750740000000000000e+05 3.819979670000000000e+08
2.753100000000000000e+05 1.278121289000000000e+09
2.743870000000000000e+05 5.238837700000000000e+07
2.749710000000000000e+05 6.094647070000000000e+08
2.753700000000000000e+05 3.556739280000000000e+08
2.753100000000000000e+05 7.756217280000000000e+08
2.753090000000000000e+05 5.396630760000000000e+08
2.737300000000000000e+05 1.636176642000000000e+09
2.753090000000000000e+05 7.778722410000000000e+08
2.753760000000000000e+05 -9.237563800000000000e+07
2.749690000000000000e+05 6.863362810000000000e+08
2.743880000000000000e+05 1.352698299000000000e+09
2.743880000000000000e+05 -1.547710749000000000e+09
2.753100000000000000e+05 1.588566518000000000e+09
2.753440000000000000e+05 2.885595700000000000e+08
2.743880000000000000e+05 1.400606045000000000e+09
2.743880000000000000e+05 1.474177444000000000e+09
2.743880000000000000e+05 1.521176520000000000e+09
2.749710000000000000e+05 6.793953140000000000e+08
2.753090000000000000e+05 2.735197190000000000e+08
2.753090000000000000e+05 2.744461630000000000e+08
2.753090000000000000e+05 2.747744800000000000e+08
2.753090000000000000e+05 2.741232170000000000e+08
2.753090000000000000e+05 9.342761060000000000e+08
2.753090000000000000e+05 9.365287430000000000e+08
2.753100000000000000e+05 3.093470700000000000e+07
2.753100000000000000e+05 4.465593510000000000e+08
2.753100000000000000e+05 1.185204181000000000e+09
2.749690000000000000e+05 8.117480160000000000e+08
2.753760000000000000e+05 -9.903498100000000000e+07
2.753090000000000000e+05 8.857460200000000000e+07
2.750670000000000000e+05 7.345717000000000000e+07
2.752910000000000000e+05 3.126559100000000000e+08
2.749700000000000000e+05 5.644689000000000000e+07
2.753760000000000000e+05 7.642076750000000000e+08
2.750740000000000000e+05 4.609629300000000000e+08
2.753760000000000000e+05 -8.568609740000000000e+08
2.753110000000000000e+05 1.174835543000000000e+09
2.743390000000000000e+05 1.166808240000000000e+08
2.749710000000000000e+05 4.584680910000000000e+08
2.753760000000000000e+05 1.678300676000000000e+09
2.753110000000000000e+05 1.250987003000000000e+09
2.750740000000000000e+05 5.399233550000000000e+08
2.743870000000000000e+05 1.333819730000000000e+08
2.744220000000000000e+05 1.965702336000000000e+09
2.750740000000000000e+05 8.111059110000000000e+08
2.752910000000000000e+05 1.390985190000000000e+08
2.749980000000000000e+05 1.313364109000000000e+09
2.752920000000000000e+05 6.094533600000000000e+07
2.749980000000000000e+05 1.153246953000000000e+09
2.752840000000000000e+05 1.033329100000000000e+08
2.753760000000000000e+05 1.959866156000000000e+09
2.753110000000000000e+05 9.871466140000000000e+08
2.753110000000000000e+05 1.308872417000000000e+09
2.744220000000000000e+05 1.437238757000000000e+09
2.753450000000000000e+05 4.939820510000000000e+08
2.751250000000000000e+05 1.696983912000000000e+09
2.743880000000000000e+05 -1.260069710000000000e+09
2.753760000000000000e+05 1.266785900000000000e+07
2.753760000000000000e+05 1.263972870000000000e+08
2.753760000000000000e+05 -1.917093469000000000e+09
2.753760000000000000e+05 -6.473080350000000000e+08
2.744220000000000000e+05 1.408224433000000000e+09
2.744220000000000000e+05 2.128654645000000000e+09
2.753760000000000000e+05 -2.021767916000000000e+09
2.743440000000000000e+05 4.958285290000000000e+08
2.750010000000000000e+05 -1.800817650000000000e+09
2.749690000000000000e+05 7.532137460000000000e+08
2.752820000000000000e+05 1.856060990000000000e+08
2.752910000000000000e+05 8.091523700000000000e+07
2.749710000000000000e+05 5.184545830000000000e+08
2.753090000000000000e+05 1.023459490000000000e+09
2.744220000000000000e+05 1.683389065000000000e+09
2.753110000000000000e+05 1.402552923000000000e+09
2.753760000000000000e+05 -1.133187753000000000e+09
2.744220000000000000e+05 2.063689084000000000e+09
2.753380000000000000e+05 9.116743990000000000e+08
2.743870000000000000e+05 3.581782890000000000e+08
2.749980000000000000e+05 1.377191812000000000e+09
2.749980000000000000e+05 1.404005145000000000e+09
2.752930000000000000e+05 1.389360300000000000e+07
2.750010000000000000e+05 -1.795599513000000000e+09
2.749980000000000000e+05 1.173400259000000000e+09
2.753100000000000000e+05 1.313922551000000000e+09
2.753700000000000000e+05 1.305618750000000000e+08
2.743880000000000000e+05 -1.622534452000000000e+09
2.743880000000000000e+05 -1.725658471000000000e+09
2.749680000000000000e+05 6.449132090000000000e+08
2.753700000000000000e+05 3.575750090000000000e+08
2.753110000000000000e+05 7.761908270000000000e+08
2.749710000000000000e+05 8.772191610000000000e+08
2.751250000000000000e+05 1.714511888000000000e+09
2.751250000000000000e+05 1.736640248000000000e+09
2.753090000000000000e+05 8.800493010000000000e+08
2.743390000000000000e+05 7.802739600000000000e+07
2.753110000000000000e+05 1.746629000000000000e+06
2.753110000000000000e+05 1.567223700000000000e+07
2.744220000000000000e+05 1.776150476000000000e+09
2.744220000000000000e+05 1.604894265000000000e+09
2.744220000000000000e+05 1.366170306000000000e+09
2.750590000000000000e+05 5.047021200000000000e+07
2.744220000000000000e+05 -1.831619468000000000e+09
2.753380000000000000e+05 8.260719900000000000e+08
2.753450000000000000e+05 1.089227940000000000e+08
2.750740000000000000e+05 3.535400590000000000e+08
2.749710000000000000e+05 9.182232020000000000e+08
2.752920000000000000e+05 2.090349890000000000e+08
2.752910000000000000e+05 6.800491400000000000e+07
2.744220000000000000e+05 -2.093217530000000000e+09
2.753760000000000000e+05 1.912704890000000000e+09
2.753760000000000000e+05 1.911687821000000000e+09
2.753760000000000000e+05 -7.751486480000000000e+08
2.751240000000000000e+05 5.077823600000000000e+08
2.752930000000000000e+05 1.777642500000000000e+07
2.753760000000000000e+05 -1.740505750000000000e+08
2.749680000000000000e+05 8.069329830000000000e+08
2.749980000000000000e+05 1.261715956000000000e+09
2.750660000000000000e+05 6.217265700000000000e+07
2.753700000000000000e+05 6.636424200000000000e+07
2.753380000000000000e+05 4.976221150000000000e+08
2.750730000000000000e+05 1.917983570000000000e+08
2.749710000000000000e+05 8.813641020000000000e+08
2.753450000000000000e+05 1.549483700000000000e+07
2.753760000000000000e+05 -9.818600910000000000e+08
2.749710000000000000e+05 1.000287280000000000e+08
2.750010000000000000e+05 -1.701598564000000000e+09
2.741610000000000000e+05 3.347073900000000000e+08
2.741610000000000000e+05 7.469835300000000000e+08
2.743380000000000000e+05 6.452372040000000000e+08
2.743150000000000000e+05 1.327056310000000000e+08
2.743880000000000000e+05 9.726350920000000000e+08
2.742840000000000000e+05 5.989336800000000000e+07
2.742840000000000000e+05 7.391083600000000000e+07
2.742510000000000000e+05 6.711991100000000000e+08
2.743880000000000000e+05 5.232670280000000000e+08
2.743880000000000000e+05 5.464379740000000000e+08
2.742000000000000000e+05 8.524848210000000000e+08
2.743880000000000000e+05 1.976031817000000000e+09
2.743880000000000000e+05 9.074102990000000000e+08
2.743880000000000000e+05 1.763572194000000000e+09
2.743150000000000000e+05 2.414792690000000000e+08
2.742510000000000000e+05 2.987075660000000000e+08
2.744220000000000000e+05 -1.109170244000000000e+09
2.742000000000000000e+05 4.102216190000000000e+08
2.742000000000000000e+05 5.167493240000000000e+08
2.743880000000000000e+05 6.703971340000000000e+08
2.742510000000000000e+05 7.553945260000000000e+08
2.742840000000000000e+05 2.504477810000000000e+08
2.742860000000000000e+05 2.224420270000000000e+08
2.743150000000000000e+05 1.051235850000000000e+08
2.743150000000000000e+05 1.883150070000000000e+08
2.743880000000000000e+05 2.696501960000000000e+08
2.742860000000000000e+05 1.985089500000000000e+08
2.742510000000000000e+05 6.599723500000000000e+08
2.742510000000000000e+05 7.529252420000000000e+08
2.742510000000000000e+05 6.042221120000000000e+08
2.742510000000000000e+05 6.841205030000000000e+08
2.742840000000000000e+05 2.431975100000000000e+08
2.742860000000000000e+05 8.534350600000000000e+07
2.742860000000000000e+05 2.162168080000000000e+08
2.743140000000000000e+05 1.893186910000000000e+08
2.743150000000000000e+05 6.774666330000000000e+08
2.743880000000000000e+05 4.591639210000000000e+08
2.749680000000000000e+05 2.412075800000000000e+07
2.750730000000000000e+05 6.729432980000000000e+08
2.751250000000000000e+05 1.760932101000000000e+09
2.753100000000000000e+05 1.130290100000000000e+08
2.753760000000000000e+05 1.723785750000000000e+08
2.743390000000000000e+05 8.649313800000000000e+07
2.749680000000000000e+05 4.947957300000000000e+08
2.753110000000000000e+05 9.175908150000000000e+08
2.743390000000000000e+05 1.126921800000000000e+08
2.750730000000000000e+05 8.590299500000000000e+07
2.753760000000000000e+05 8.559118800000000000e+08
2.753710000000000000e+05 3.915883880000000000e+08
2.753760000000000000e+05 1.144383441000000000e+09
2.750730000000000000e+05 7.339841280000000000e+08
2.749680000000000000e+05 8.061309000000000000e+07
2.743440000000000000e+05 1.556465110000000000e+08
2.743880000000000000e+05 -1.978208579000000000e+09
2.753760000000000000e+05 8.321355060000000000e+08
2.743450000000000000e+05 2.500901300000000000e+07
2.749680000000000000e+05 7.641461400000000000e+07
2.753760000000000000e+05 -4.235133250000000000e+08
2.750730000000000000e+05 2.491268140000000000e+08
2.750730000000000000e+05 2.629160650000000000e+08
2.753700000000000000e+05 4.162101840000000000e+08
2.753760000000000000e+05 -7.314883790000000000e+08
2.749680000000000000e+05 1.092626928000000000e+09
2.750730000000000000e+05 6.767503700000000000e+08
2.743880000000000000e+05 -1.845862004000000000e+09
2.753100000000000000e+05 2.611289660000000000e+08
2.753110000000000000e+05 1.153789841000000000e+09
2.753110000000000000e+05 1.153670061000000000e+09
2.743450000000000000e+05 1.427953290000000000e+08
2.751240000000000000e+05 3.712411120000000000e+08
2.749990000000000000e+05 5.251922520000000000e+08
2.749990000000000000e+05 7.431768790000000000e+08
2.743870000000000000e+05 3.556729660000000000e+08
2.743880000000000000e+05 1.377180088000000000e+09
2.753760000000000000e+05 7.800031570000000000e+08
2.749980000000000000e+05 1.300908804000000000e+09
2.753440000000000000e+05 2.272850940000000000e+08
2.753110000000000000e+05 9.145680730000000000e+08
2.753380000000000000e+05 4.870330810000000000e+08
2.750740000000000000e+05 9.935938140000000000e+08
2.753440000000000000e+05 2.158908450000000000e+08
2.749690000000000000e+05 1.443807338000000000e+09
2.743880000000000000e+05 2.064003532000000000e+09
2.749980000000000000e+05 1.181641536000000000e+09
2.743880000000000000e+05 2.080691575000000000e+09
2.750740000000000000e+05 7.848246750000000000e+08
2.753760000000000000e+05 -1.693268356000000000e+09
2.753760000000000000e+05 -1.647398724000000000e+09
2.750730000000000000e+05 1.173614260000000000e+08
2.743870000000000000e+05 5.639533280000000000e+08
2.753760000000000000e+05 3.470313090000000000e+08
2.753760000000000000e+05 -1.449116232000000000e+09
2.753380000000000000e+05 1.445470690000000000e+08
2.744220000000000000e+05 7.331884410000000000e+08
2.752910000000000000e+05 5.409354930000000000e+08
2.744220000000000000e+05 6.199401650000000000e+08
2.753440000000000000e+05 1.133940140000000000e+08
2.744220000000000000e+05 2.120487439000000000e+09
2.744220000000000000e+05 -1.984307372000000000e+09
2.743880000000000000e+05 1.439392002000000000e+09
2.753450000000000000e+05 2.636910550000000000e+08
2.743880000000000000e+05 -1.792594992000000000e+09
2.743880000000000000e+05 -1.281703560000000000e+09
2.749680000000000000e+05 1.130016731000000000e+09
2.749680000000000000e+05 1.115110856000000000e+09
2.753110000000000000e+05 1.149289619000000000e+09
2.749680000000000000e+05 1.584718950000000000e+08
2.753440000000000000e+05 4.561408790000000000e+08
2.753700000000000000e+05 3.860890490000000000e+08
2.752910000000000000e+05 1.114595490000000000e+08
2.752820000000000000e+05 1.275612660000000000e+08
2.749680000000000000e+05 1.161849456000000000e+09
2.752910000000000000e+05 6.240458800000000000e+07
2.753760000000000000e+05 1.467441100000000000e+08
2.752910000000000000e+05 1.851493050000000000e+08
2.744220000000000000e+05 -1.708646035000000000e+09
2.750730000000000000e+05 6.048040990000000000e+08
2.753090000000000000e+05 4.845558400000000000e+08
2.753700000000000000e+05 1.526014820000000000e+08
2.753760000000000000e+05 -1.943388984000000000e+09
2.749690000000000000e+05 1.404951447000000000e+09
2.750730000000000000e+05 7.576513820000000000e+08
2.750670000000000000e+05 1.308343770000000000e+08
2.753760000000000000e+05 1.812282105000000000e+09
2.752910000000000000e+05 1.899418220000000000e+08
2.744220000000000000e+05 1.680624928000000000e+09
2.751240000000000000e+05 2.873742400000000000e+08
2.744220000000000000e+05 -1.645281522000000000e+09
2.753440000000000000e+05 5.110301110000000000e+08
2.753450000000000000e+05 2.466069690000000000e+08
2.753450000000000000e+05 1.525788130000000000e+08
2.753440000000000000e+05 4.071700270000000000e+08
2.753100000000000000e+05 1.126371009000000000e+09
2.751240000000000000e+05 4.265969430000000000e+08
2.753710000000000000e+05 5.137802900000000000e+07
2.751240000000000000e+05 6.698546340000000000e+08
2.744220000000000000e+05 1.979248992000000000e+09
2.753760000000000000e+05 1.981199578000000000e+09
2.744220000000000000e+05 1.918644797000000000e+09
2.752910000000000000e+05 9.374467000000000000e+07
2.744220000000000000e+05 -1.769242889000000000e+09
2.750590000000000000e+05 1.316987730000000000e+08
2.744220000000000000e+05 2.078232728000000000e+09
2.753450000000000000e+05 1.020225200000000000e+08
2.753760000000000000e+05 2.962535100000000000e+07
2.753760000000000000e+05 1.031215170000000000e+08
2.753440000000000000e+05 3.523119710000000000e+08
2.752920000000000000e+05 1.201501440000000000e+08
2.753760000000000000e+05 -1.034326655000000000e+09
2.750010000000000000e+05 1.780394302000000000e+09
2.749980000000000000e+05 1.428699950000000000e+08
2.749980000000000000e+05 1.674742210000000000e+08
2.749980000000000000e+05 6.534371230000000000e+08
2.753760000000000000e+05 -1.858656129000000000e+09
2.749680000000000000e+05 1.328085081000000000e+09
2.750010000000000000e+05 5.269347430000000000e+08
2.749680000000000000e+05 1.415710642000000000e+09
2.749680000000000000e+05 1.447864035000000000e+09
2.750010000000000000e+05 3.118120590000000000e+08
2.749680000000000000e+05 1.325998231000000000e+09
2.750010000000000000e+05 4.508954950000000000e+08
2.749990000000000000e+05 1.753235563000000000e+09
2.750010000000000000e+05 1.365355529000000000e+09
2.749680000000000000e+05 1.216824928000000000e+09
2.749680000000000000e+05 1.636503730000000000e+09
2.749990000000000000e+05 1.573337637000000000e+09
2.749680000000000000e+05 1.295602774000000000e+09
2.749680000000000000e+05 2.025528020000000000e+09
2.749690000000000000e+05 5.659676610000000000e+08
2.751250000000000000e+05 7.371203600000000000e+08
2.751250000000000000e+05 7.085890800000000000e+08
2.749690000000000000e+05 9.850959720000000000e+08
2.751250000000000000e+05 7.260564490000000000e+08
2.749680000000000000e+05 1.481920295000000000e+09
2.749680000000000000e+05 1.919449047000000000e+09
2.749680000000000000e+05 -2.124265062000000000e+09
2.750670000000000000e+05 4.209563140000000000e+08
2.749990000000000000e+05 1.713469863000000000e+09
2.753440000000000000e+05 3.038875200000000000e+08
2.749690000000000000e+05 5.787888050000000000e+08
2.749680000000000000e+05 1.781416680000000000e+09
2.750000000000000000e+05 9.011800900000000000e+07
2.750010000000000000e+05 4.338062600000000000e+07
2.750010000000000000e+05 1.636909800000000000e+08
2.753370000000000000e+05 5.127490500000000000e+08
2.753750000000000000e+05 2.074924070000000000e+09
2.750010000000000000e+05 2.973395610000000000e+08
2.749690000000000000e+05 1.045625193000000000e+09
2.749690000000000000e+05 3.058322610000000000e+08
2.750680000000000000e+05 7.778610590000000000e+08
2.750680000000000000e+05 1.659010840000000000e+09
2.750010000000000000e+05 1.332241419000000000e+09
2.750010000000000000e+05 1.729396979000000000e+09
2.750010000000000000e+05 1.729327193000000000e+09
2.750680000000000000e+05 9.240844630000000000e+08
2.751250000000000000e+05 7.207037050000000000e+08
2.751250000000000000e+05 5.303284990000000000e+08
2.751250000000000000e+05 5.322653820000000000e+08
