2.788200000000000000e+05
2.788220000000000000e+05
2.788730000000000000e+05
2.788740000000000000e+05
2.788750000000000000e+05
2.789230000000000000e+05
2.789570000000000000e+05
2.789620000000000000e+05
2.789630000000000000e+05
2.789690000000000000e+05
2.789750000000000000e+05
2.789860000000000000e+05
2.790240000000000000e+05
2.790290000000000000e+05
2.790710000000000000e+05
2.790800000000000000e+05
2.791150000000000000e+05
2.791160000000000000e+05
2.794790000000000000e+05
2.795880000000000000e+05
2.796530000000000000e+05
2.796540000000000000e+05
2.796560000000000000e+05
2.796580000000000000e+05
2.796670000000000000e+05
2.796810000000000000e+05
2.796820000000000000e+05
2.796850000000000000e+05
2.796910000000000000e+05
2.796940000000000000e+05
2.797150000000000000e+05
2.797160000000000000e+05
2.797600000000000000e+05
2.797660000000000000e+05
2.797670000000000000e+05
2.797940000000000000e+05
2.798230000000000000e+05
2.798410000000000000e+05
2.798440000000000000e+05
2.798870000000000000e+05
2.799310000000000000e+05
2.799660000000000000e+05
2.799750000000000000e+05
2.799930000000000000e+05
2.799940000000000000e+05
2.800150000000000000e+05
2.800160000000000000e+05
2.800170000000000000e+05
2.800180000000000000e+05
2.800240000000000000e+05
2.801870000000000000e+05
2.801880000000000000e+05
2.801910000000000000e+05
2.801940000000000000e+05
2.802420000000000000e+05
2.802490000000000000e+05
2.802510000000000000e+05
2.803270000000000000e+05
2.803300000000000000e+05
2.803490000000000000e+05
2.803630000000000000e+05
2.803640000000000000e+05
2.803840000000000000e+05
2.803850000000000000e+05
