2.796670000000000000e+05 3.495063030000000000e+08
2.796670000000000000e+05 4.010374470000000000e+08
2.788200000000000000e+05 3.353553400000000000e+08
2.803300000000000000e+05 4.471077340000000000e+08
2.803300000000000000e+05 5.672648960000000000e+08
2.788200000000000000e+05 7.618652100000000000e+07
2.803270000000000000e+05 4.558546500000000000e+07
2.803300000000000000e+05 6.430129900000000000e+07
2.788200000000000000e+05 9.835181850000000000e+08
2.788200000000000000e+05 9.843539890000000000e+08
2.788200000000000000e+05 1.903409360000000000e+08
2.788200000000000000e+05 1.221429740000000000e+08
2.788220000000000000e+05 1.341423478000000000e+09
2.796580000000000000e+05 1.102863651000000000e+09
2.798410000000000000e+05 1.014924876000000000e+09
2.791160000000000000e+05 8.395950990000000000e+08
2.798410000000000000e+05 9.298598390000000000e+08
2.788200000000000000e+05 1.616280360000000000e+08
2.788200000000000000e+05 4.689712290000000000e+08
2.788220000000000000e+05 6.524093010000000000e+08
2.798410000000000000e+05 1.587587400000000000e+09
2.796670000000000000e+05 3.185457970000000000e+08
2.796670000000000000e+05 3.182188990000000000e+08
2.788200000000000000e+05 1.135500699000000000e+09
2.798410000000000000e+05 9.838776100000000000e+08
2.803300000000000000e+05 7.148503890000000000e+08
2.789860000000000000e+05 1.483067130000000000e+08
2.789860000000000000e+05 1.684632600000000000e+08
2.798410000000000000e+05 6.093210410000000000e+08
2.788200000000000000e+05 8.005450840000000000e+08
2.788200000000000000e+05 8.013386730000000000e+08
2.789570000000000000e+05 1.945092780000000000e+08
2.789860000000000000e+05 2.230204250000000000e+08
2.796670000000000000e+05 3.049197840000000000e+08
2.803300000000000000e+05 8.964034360000000000e+08
2.788200000000000000e+05 9.205044500000000000e+08
2.789620000000000000e+05 2.161708810000000000e+08
2.798410000000000000e+05 6.235966740000000000e+08
2.796580000000000000e+05 8.689036410000000000e+08
2.798410000000000000e+05 9.277285150000000000e+08
2.788200000000000000e+05 3.005167490000000000e+08
2.789860000000000000e+05 2.138841560000000000e+08
2.798410000000000000e+05 1.032414123000000000e+09
2.788740000000000000e+05 6.700992900000000000e+07
2.798410000000000000e+05 1.074186313000000000e+09
2.789620000000000000e+05 6.493929700000000000e+07
2.788200000000000000e+05 7.836913760000000000e+08
2.788200000000000000e+05 8.749116720000000000e+08
2.796670000000000000e+05 1.729313160000000000e+08
2.788200000000000000e+05 4.621778630000000000e+08
2.788200000000000000e+05 5.899390780000000000e+08
2.789230000000000000e+05 6.503555220000000000e+08
2.803490000000000000e+05 3.364784540000000000e+08
2.803630000000000000e+05 2.001832600000000000e+07
2.803490000000000000e+05 3.724866200000000000e+08
2.803490000000000000e+05 4.929707520000000000e+08
2.789230000000000000e+05 3.893824860000000000e+08
2.788200000000000000e+05 6.489341210000000000e+08
2.788200000000000000e+05 8.104557530000000000e+08
2.788200000000000000e+05 8.289481260000000000e+08
2.788200000000000000e+05 6.185273220000000000e+08
2.788220000000000000e+05 1.498893569000000000e+09
2.788200000000000000e+05 9.338984160000000000e+08
2.788200000000000000e+05 1.008068662000000000e+09
2.803640000000000000e+05 2.912957300000000000e+07
2.803640000000000000e+05 4.428112360000000000e+08
2.789570000000000000e+05 5.244008700000000000e+07
2.789570000000000000e+05 1.338391100000000000e+08
2.789620000000000000e+05 1.000819810000000000e+08
2.788200000000000000e+05 1.126689205000000000e+09
2.788200000000000000e+05 2.142939156000000000e+09
2.788200000000000000e+05 1.287313230000000000e+09
2.788200000000000000e+05 1.411867302000000000e+09
2.803490000000000000e+05 9.179678720000000000e+08
2.788200000000000000e+05 -1.845007510000000000e+09
2.796670000000000000e+05 5.300223370000000000e+08
2.788200000000000000e+05 1.831056818000000000e+09
2.803630000000000000e+05 2.593109970000000000e+08
2.788200000000000000e+05 2.054738003000000000e+09
2.791160000000000000e+05 6.931854050000000000e+08
2.789860000000000000e+05 8.553641400000000000e+07
2.788200000000000000e+05 1.895856496000000000e+09
2.788200000000000000e+05 1.309192901000000000e+09
2.788220000000000000e+05 5.676616600000000000e+07
2.800150000000000000e+05 8.671811460000000000e+08
2.791160000000000000e+05 2.087807470000000000e+08
2.790240000000000000e+05 4.043184020000000000e+08
2.801910000000000000e+05 7.493320960000000000e+08
2.801910000000000000e+05 9.259964520000000000e+08
2.788220000000000000e+05 8.724128080000000000e+08
2.788200000000000000e+05 1.807894625000000000e+09
2.803300000000000000e+05 1.543938245000000000e+09
2.803490000000000000e+05 3.798127170000000000e+08
2.798410000000000000e+05 1.947452654000000000e+09
2.788200000000000000e+05 1.401527315000000000e+09
2.800170000000000000e+05 8.786807880000000000e+08
2.788220000000000000e+05 7.586869170000000000e+08
2.788740000000000000e+05 2.492545620000000000e+08
2.796580000000000000e+05 1.174047684000000000e+09
2.803630000000000000e+05 2.004548980000000000e+08
2.788200000000000000e+05 1.705044305000000000e+09
2.791160000000000000e+05 5.258222380000000000e+08
2.803490000000000000e+05 1.022553815000000000e+09
2.788220000000000000e+05 9.856986130000000000e+08
2.788220000000000000e+05 1.164752631000000000e+09
2.800150000000000000e+05 8.058480390000000000e+08
2.800170000000000000e+05 2.035451710000000000e+08
2.800170000000000000e+05 6.698654390000000000e+08
2.801910000000000000e+05 6.826882410000000000e+08
2.801940000000000000e+05 1.244999890000000000e+08
2.800170000000000000e+05 9.765870840000000000e+08
2.803630000000000000e+05 1.059536030000000000e+08
2.790240000000000000e+05 5.637455770000000000e+08
2.788200000000000000e+05 1.508006620000000000e+09
2.788200000000000000e+05 1.750997529000000000e+09
2.788740000000000000e+05 1.972681840000000000e+08
2.791160000000000000e+05 2.270735560000000000e+08
2.803490000000000000e+05 8.102798190000000000e+08
2.788200000000000000e+05 1.551899803000000000e+09
2.790240000000000000e+05 1.416060840000000000e+08
2.790240000000000000e+05 4.245386080000000000e+08
2.788200000000000000e+05 1.608925209000000000e+09
2.788200000000000000e+05 1.605154920000000000e+09
2.801910000000000000e+05 1.154965188000000000e+09
2.788740000000000000e+05 2.043945750000000000e+08
2.788200000000000000e+05 1.610129060000000000e+09
2.788200000000000000e+05 1.639722471000000000e+09
2.803630000000000000e+05 2.299074820000000000e+08
2.788200000000000000e+05 1.617815442000000000e+09
2.800170000000000000e+05 4.828493070000000000e+08
2.803630000000000000e+05 6.693721000000000000e+07
2.788200000000000000e+05 -1.641317279000000000e+09
2.791160000000000000e+05 6.325440880000000000e+08
2.800170000000000000e+05 6.629202770000000000e+08
2.788740000000000000e+05 3.993343640000000000e+08
2.788200000000000000e+05 1.701294893000000000e+09
2.788200000000000000e+05 -1.785619633000000000e+09
2.788200000000000000e+05 1.710367697000000000e+09
2.788200000000000000e+05 -2.011294146000000000e+09
2.803490000000000000e+05 9.887480120000000000e+08
2.801940000000000000e+05 3.372163750000000000e+08
2.801940000000000000e+05 3.366659240000000000e+08
2.791160000000000000e+05 3.354967310000000000e+08
2.788200000000000000e+05 -1.556990472000000000e+09
2.803490000000000000e+05 6.627120980000000000e+08
2.803490000000000000e+05 9.283114990000000000e+08
2.798410000000000000e+05 1.108943655000000000e+09
2.798410000000000000e+05 1.717541197000000000e+09
2.798410000000000000e+05 5.633226620000000000e+08
2.798410000000000000e+05 1.086962712000000000e+09
2.801910000000000000e+05 8.806074850000000000e+08
2.801910000000000000e+05 8.821723200000000000e+08
2.801910000000000000e+05 1.634594751000000000e+09
2.791160000000000000e+05 6.021644990000000000e+08
2.803490000000000000e+05 5.191857110000000000e+08
2.798410000000000000e+05 1.111822653000000000e+09
2.798410000000000000e+05 1.268205954000000000e+09
2.798410000000000000e+05 1.286856644000000000e+09
2.801910000000000000e+05 1.667557230000000000e+09
2.791160000000000000e+05 7.990476600000000000e+08
2.803300000000000000e+05 1.358120800000000000e+09
2.803300000000000000e+05 9.715933650000000000e+08
2.788200000000000000e+05 2.101943672000000000e+09
2.789620000000000000e+05 1.866165510000000000e+08
2.800150000000000000e+05 6.717597320000000000e+08
2.800170000000000000e+05 6.192399600000000000e+07
2.791160000000000000e+05 5.331588740000000000e+08
2.788200000000000000e+05 -1.803579033000000000e+09
2.801910000000000000e+05 1.069400709000000000e+09
2.788200000000000000e+05 -1.913049932000000000e+09
2.803490000000000000e+05 2.033185500000000000e+08
2.803490000000000000e+05 1.171734858000000000e+09
2.803490000000000000e+05 1.171506297000000000e+09
2.803640000000000000e+05 1.929691790000000000e+08
2.788220000000000000e+05 2.414654340000000000e+08
2.788220000000000000e+05 6.599913340000000000e+08
2.803630000000000000e+05 2.360632320000000000e+08
2.800170000000000000e+05 9.880598310000000000e+08
2.789750000000000000e+05 1.247977904000000000e+09
2.800170000000000000e+05 3.642932880000000000e+08
2.803630000000000000e+05 3.115097240000000000e+08
2.788220000000000000e+05 1.230423775000000000e+09
2.788220000000000000e+05 -1.987775412000000000e+09
2.788220000000000000e+05 1.050811010000000000e+08
2.798410000000000000e+05 1.146514292000000000e+09
2.798410000000000000e+05 1.145504399000000000e+09
2.798410000000000000e+05 1.413808335000000000e+09
2.796670000000000000e+05 2.643191020000000000e+08
2.788220000000000000e+05 1.854560577000000000e+09
2.803640000000000000e+05 2.017584590000000000e+09
2.796580000000000000e+05 1.183942098000000000e+09
2.796580000000000000e+05 1.183106063000000000e+09
2.788220000000000000e+05 2.077047364000000000e+09
2.789230000000000000e+05 3.206739690000000000e+08
2.788220000000000000e+05 1.386144415000000000e+09
2.788220000000000000e+05 1.482319104000000000e+09
2.801910000000000000e+05 1.188223954000000000e+09
2.788220000000000000e+05 1.058858499000000000e+09
2.789750000000000000e+05 1.416170562000000000e+09
2.800150000000000000e+05 9.039244800000000000e+08
2.788220000000000000e+05 1.193760697000000000e+09
2.788220000000000000e+05 1.195640738000000000e+09
2.788220000000000000e+05 -1.681204157000000000e+09
2.800170000000000000e+05 8.064580360000000000e+08
2.788220000000000000e+05 2.518454570000000000e+08
2.796580000000000000e+05 1.023381756000000000e+09
2.796580000000000000e+05 1.119381414000000000e+09
2.788220000000000000e+05 1.573957140000000000e+09
2.788220000000000000e+05 1.510398790000000000e+08
2.800170000000000000e+05 6.847797290000000000e+08
2.788220000000000000e+05 1.394731618000000000e+09
2.788220000000000000e+05 1.994117739000000000e+09
2.796580000000000000e+05 1.179724845000000000e+09
2.788220000000000000e+05 1.954263788000000000e+09
2.788740000000000000e+05 8.370592570000000000e+08
2.788220000000000000e+05 2.740186550000000000e+08
2.800180000000000000e+05 1.640290150000000000e+08
2.800150000000000000e+05 8.817452930000000000e+08
2.800170000000000000e+05 9.529275460000000000e+08
2.788220000000000000e+05 1.027417950000000000e+09
2.789750000000000000e+05 1.028997522000000000e+09
2.800170000000000000e+05 5.676993380000000000e+08
2.800170000000000000e+05 9.988742550000000000e+08
2.800150000000000000e+05 7.448100620000000000e+08
2.791160000000000000e+05 1.982530870000000000e+08
2.800170000000000000e+05 8.309264800000000000e+08
2.796670000000000000e+05 3.682103730000000000e+08
2.796670000000000000e+05 4.265842720000000000e+08
2.788740000000000000e+05 2.932688170000000000e+08
2.788740000000000000e+05 5.683817230000000000e+08
2.790240000000000000e+05 5.578271610000000000e+08
2.790240000000000000e+05 5.600523700000000000e+08
2.789620000000000000e+05 2.882773370000000000e+08
2.789620000000000000e+05 2.874635170000000000e+08
2.800170000000000000e+05 9.299572640000000000e+08
2.789750000000000000e+05 1.058358783000000000e+09
2.790240000000000000e+05 2.230541430000000000e+08
2.800170000000000000e+05 5.308677420000000000e+08
2.801910000000000000e+05 6.535416580000000000e+08
2.791160000000000000e+05 5.084059550000000000e+08
2.791160000000000000e+05 5.112644090000000000e+08
2.798410000000000000e+05 1.596857975000000000e+09
2.803630000000000000e+05 9.475293800000000000e+07
2.788220000000000000e+05 5.531891270000000000e+08
2.788220000000000000e+05 7.380467010000000000e+08
2.789750000000000000e+05 9.994363670000000000e+08
2.788740000000000000e+05 2.220942880000000000e+08
2.788220000000000000e+05 8.597838690000000000e+08
2.800170000000000000e+05 8.750582530000000000e+08
2.803630000000000000e+05 5.036430930000000000e+08
2.801910000000000000e+05 1.074741917000000000e+09
2.801940000000000000e+05 3.311394480000000000e+08
2.788750000000000000e+05 2.334781100000000000e+08
2.798410000000000000e+05 1.476004695000000000e+09
2.800170000000000000e+05 7.343863820000000000e+08
2.788220000000000000e+05 1.091170429000000000e+09
2.800170000000000000e+05 2.815412430000000000e+08
2.801910000000000000e+05 3.441425360000000000e+08
2.801910000000000000e+05 9.290645780000000000e+08
2.788220000000000000e+05 8.064985950000000000e+08
2.794790000000000000e+05 1.371295420000000000e+08
2.788220000000000000e+05 1.120984332000000000e+09
2.789750000000000000e+05 1.138952551000000000e+09
2.796670000000000000e+05 4.694876060000000000e+08
2.796670000000000000e+05 4.775137360000000000e+08
2.796670000000000000e+05 5.031180290000000000e+08
2.796670000000000000e+05 3.304795720000000000e+08
2.790240000000000000e+05 1.216994470000000000e+08
2.801910000000000000e+05 1.148567308000000000e+09
2.788220000000000000e+05 1.474199190000000000e+09
2.798410000000000000e+05 1.726501958000000000e+09
2.798410000000000000e+05 1.871986818000000000e+09
2.788740000000000000e+05 7.838034590000000000e+08
2.788220000000000000e+05 1.813508279000000000e+09
2.798410000000000000e+05 9.157957130000000000e+08
2.803300000000000000e+05 1.593083807000000000e+09
2.789230000000000000e+05 7.598764090000000000e+08
2.789230000000000000e+05 6.290043300000000000e+08
2.790240000000000000e+05 4.764392500000000000e+07
2.798410000000000000e+05 1.302424567000000000e+09
2.788220000000000000e+05 1.936550374000000000e+09
2.788220000000000000e+05 -2.024091844000000000e+09
2.788220000000000000e+05 -2.021871587000000000e+09
2.790240000000000000e+05 6.403955100000000000e+07
2.803300000000000000e+05 2.530411430000000000e+08
2.788220000000000000e+05 -2.028331511000000000e+09
2.796670000000000000e+05 6.976862100000000000e+08
2.800150000000000000e+05 7.169539990000000000e+08
2.800150000000000000e+05 7.310672460000000000e+08
2.798410000000000000e+05 6.908346190000000000e+08
2.803490000000000000e+05 3.062881530000000000e+08
2.788220000000000000e+05 -2.099679018000000000e+09
2.796670000000000000e+05 1.468530370000000000e+08
2.798410000000000000e+05 1.470949610000000000e+09
2.803300000000000000e+05 5.812974000000000000e+08
2.803300000000000000e+05 5.826065660000000000e+08
2.796670000000000000e+05 1.529396500000000000e+08
2.788730000000000000e+05 3.766238600000000000e+07
2.798410000000000000e+05 1.501806374000000000e+09
2.803300000000000000e+05 6.175050460000000000e+08
2.788740000000000000e+05 6.179903700000000000e+07
2.801910000000000000e+05 8.309194180000000000e+08
2.790240000000000000e+05 3.285152420000000000e+08
2.796580000000000000e+05 8.967561470000000000e+08
2.798410000000000000e+05 1.517993605000000000e+09
2.801910000000000000e+05 8.956537920000000000e+08
2.801910000000000000e+05 8.974349540000000000e+08
2.801910000000000000e+05 1.352364305000000000e+09
2.800150000000000000e+05 5.671613150000000000e+08
2.788740000000000000e+05 2.719539860000000000e+08
2.801910000000000000e+05 8.069641780000000000e+08
2.801910000000000000e+05 1.008778595000000000e+09
2.801940000000000000e+05 2.570690390000000000e+08
2.790240000000000000e+05 4.321725140000000000e+08
2.790240000000000000e+05 4.582612260000000000e+08
2.788740000000000000e+05 4.566138290000000000e+08
2.798410000000000000e+05 1.182907189000000000e+09
2.798410000000000000e+05 1.504105361000000000e+09
2.801940000000000000e+05 2.651286310000000000e+08
2.790240000000000000e+05 4.845065670000000000e+08
2.800170000000000000e+05 2.917208590000000000e+08
2.788740000000000000e+05 5.856519110000000000e+08
2.788750000000000000e+05 5.785754300000000000e+07
2.803490000000000000e+05 7.850775440000000000e+08
2.798410000000000000e+05 8.846427790000000000e+08
2.801910000000000000e+05 1.475434265000000000e+09
2.803300000000000000e+05 1.092264862000000000e+09
2.790290000000000000e+05 1.553500900000000000e+07
2.797940000000000000e+05 1.118535740000000000e+09
2.797940000000000000e+05 1.330561867000000000e+09
2.797660000000000000e+05 9.151035060000000000e+08
2.797940000000000000e+05 1.535858383000000000e+09
2.803850000000000000e+05 1.860998322000000000e+09
2.788750000000000000e+05 2.487540790000000000e+08
2.788750000000000000e+05 1.951254750000000000e+08
2.796940000000000000e+05 -7.101400810000000000e+08
2.802420000000000000e+05 5.595381000000000000e+07
2.788750000000000000e+05 2.019303230000000000e+08
2.789750000000000000e+05 1.969987380000000000e+08
2.797660000000000000e+05 1.577732046000000000e+09
2.789690000000000000e+05 2.005103287000000000e+09
2.797160000000000000e+05 1.476677888000000000e+09
2.795880000000000000e+05 1.146475433000000000e+09
2.797160000000000000e+05 6.287779490000000000e+08
2.797160000000000000e+05 6.304774510000000000e+08
2.801940000000000000e+05 3.698291030000000000e+08
2.795880000000000000e+05 7.681564460000000000e+08
2.795880000000000000e+05 4.384648390000000000e+08
2.796940000000000000e+05 -8.408909840000000000e+08
2.788750000000000000e+05 4.321835620000000000e+08
2.797160000000000000e+05 4.627772160000000000e+08
2.797660000000000000e+05 1.797476187000000000e+09
2.791160000000000000e+05 1.354717360000000000e+08
2.790290000000000000e+05 8.840475200000000000e+07
2.797660000000000000e+05 1.776591257000000000e+09
2.790290000000000000e+05 1.633299420000000000e+08
2.788750000000000000e+05 9.744373310000000000e+08
2.789750000000000000e+05 4.585456410000000000e+08
2.797660000000000000e+05 1.550123269000000000e+09
2.796940000000000000e+05 -1.251303130000000000e+09
2.802420000000000000e+05 2.247496350000000000e+08
2.797600000000000000e+05 1.222613850000000000e+09
2.797940000000000000e+05 1.350959803000000000e+09
2.788750000000000000e+05 1.159866221000000000e+09
2.788750000000000000e+05 1.161676349000000000e+09
2.789750000000000000e+05 2.328418830000000000e+08
2.797660000000000000e+05 1.229003769000000000e+09
2.797660000000000000e+05 1.405793278000000000e+09
2.788750000000000000e+05 5.515155800000000000e+08
2.788750000000000000e+05 1.453292051000000000e+09
2.788750000000000000e+05 6.016346290000000000e+08
2.803850000000000000e+05 2.126816428000000000e+09
2.795880000000000000e+05 9.643272560000000000e+08
2.797160000000000000e+05 9.545012720000000000e+08
2.791150000000000000e+05 3.683056480000000000e+08
2.801940000000000000e+05 2.995768760000000000e+08
2.795880000000000000e+05 5.753724190000000000e+08
2.795880000000000000e+05 6.693062170000000000e+08
2.791160000000000000e+05 1.542094110000000000e+08
2.791160000000000000e+05 6.842309400000000000e+07
2.791160000000000000e+05 6.696945700000000000e+07
2.797940000000000000e+05 1.828058076000000000e+09
2.798410000000000000e+05 -7.458379430000000000e+08
2.800180000000000000e+05 1.405194922000000000e+09
2.800240000000000000e+05 5.333866560000000000e+08
2.795880000000000000e+05 7.134911690000000000e+08
2.791150000000000000e+05 7.013739030000000000e+08
2.797940000000000000e+05 1.549190353000000000e+09
2.799750000000000000e+05 5.064142950000000000e+08
2.799750000000000000e+05 6.493587830000000000e+08
2.798440000000000000e+05 3.904495700000000000e+07
2.800240000000000000e+05 4.171694330000000000e+08
2.788750000000000000e+05 7.491177940000000000e+08
2.790290000000000000e+05 3.677005880000000000e+08
2.796940000000000000e+05 -1.068991837000000000e+09
2.797660000000000000e+05 -2.059682810000000000e+09
2.797660000000000000e+05 -2.043117509000000000e+09
2.800180000000000000e+05 1.014109410000000000e+09
2.800180000000000000e+05 1.021277803000000000e+09
2.788750000000000000e+05 1.074145364000000000e+09
2.796940000000000000e+05 1.881341462000000000e+09
2.796940000000000000e+05 1.880982925000000000e+09
2.797660000000000000e+05 -2.120774345000000000e+09
2.788750000000000000e+05 1.513691930000000000e+09
2.788750000000000000e+05 1.514284855000000000e+09
2.790710000000000000e+05 1.232700850000000000e+08
2.788750000000000000e+05 1.085328531000000000e+09
2.788750000000000000e+05 1.519371085000000000e+09
2.797670000000000000e+05 6.442692060000000000e+08
2.789750000000000000e+05 1.364072646000000000e+09
2.797670000000000000e+05 6.148271080000000000e+08
2.799750000000000000e+05 2.514506360000000000e+08
2.788750000000000000e+05 1.381599311000000000e+09
2.797160000000000000e+05 1.728595690000000000e+09
2.799750000000000000e+05 4.390109360000000000e+08
2.797660000000000000e+05 9.485508660000000000e+08
2.797660000000000000e+05 9.635993710000000000e+08
2.798410000000000000e+05 -1.814467409000000000e+09
2.797660000000000000e+05 8.375296960000000000e+08
2.788750000000000000e+05 1.149705472000000000e+09
2.789750000000000000e+05 2.253071910000000000e+08
2.790290000000000000e+05 1.716358070000000000e+08
2.796940000000000000e+05 -6.367641670000000000e+08
2.799750000000000000e+05 1.736901248000000000e+09
2.799750000000000000e+05 2.641858990000000000e+08
2.796940000000000000e+05 1.699983288000000000e+09
2.796940000000000000e+05 -1.404695043000000000e+09
2.797660000000000000e+05 1.482323566000000000e+09
2.798410000000000000e+05 -9.643858610000000000e+08
2.798410000000000000e+05 -9.627017010000000000e+08
2.796940000000000000e+05 1.586223639000000000e+09
2.803850000000000000e+05 -1.674191614000000000e+09
2.790290000000000000e+05 3.870758580000000000e+08
2.802420000000000000e+05 6.872483540000000000e+08
2.798410000000000000e+05 -1.001110376000000000e+09
2.789750000000000000e+05 5.513435900000000000e+07
2.798410000000000000e+05 -1.157182589000000000e+09
2.789690000000000000e+05 2.132584561000000000e+09
2.789690000000000000e+05 2.135329482000000000e+09
2.788750000000000000e+05 1.232743488000000000e+09
2.789750000000000000e+05 1.293342644000000000e+09
2.795880000000000000e+05 6.439970160000000000e+08
2.797660000000000000e+05 1.876565563000000000e+09
2.800180000000000000e+05 5.122000510000000000e+08
2.797660000000000000e+05 1.685650845000000000e+09
2.797940000000000000e+05 1.386618850000000000e+09
2.799750000000000000e+05 2.448211930000000000e+08
2.797660000000000000e+05 2.142626366000000000e+09
2.797160000000000000e+05 4.912294590000000000e+08
2.789690000000000000e+05 1.960298596000000000e+09
2.789690000000000000e+05 1.803484251000000000e+09
2.789690000000000000e+05 1.965485114000000000e+09
2.796940000000000000e+05 -1.071374680000000000e+09
2.797150000000000000e+05 1.071608220000000000e+08
2.802420000000000000e+05 5.553345160000000000e+08
2.796940000000000000e+05 -1.221349902000000000e+09
2.797940000000000000e+05 2.574460470000000000e+08
2.799750000000000000e+05 1.473278562000000000e+09
2.789690000000000000e+05 -1.792784865000000000e+09
2.789750000000000000e+05 2.190402920000000000e+08
2.795880000000000000e+05 5.092213200000000000e+08
2.791150000000000000e+05 7.649811860000000000e+08
2.797940000000000000e+05 6.136011200000000000e+07
2.802420000000000000e+05 5.638523680000000000e+08
2.789230000000000000e+05 2.993612920000000000e+08
2.797940000000000000e+05 2.811482750000000000e+08
2.799750000000000000e+05 9.988122710000000000e+08
2.789230000000000000e+05 1.461109030000000000e+08
2.797940000000000000e+05 7.678171450000000000e+08
2.797940000000000000e+05 2.978595580000000000e+08
2.797940000000000000e+05 2.089912530000000000e+08
2.799750000000000000e+05 8.228192090000000000e+08
2.802420000000000000e+05 9.248903390000000000e+08
2.789230000000000000e+05 3.163830650000000000e+08
2.789230000000000000e+05 1.944917600000000000e+08
2.789230000000000000e+05 2.335072190000000000e+08
2.797940000000000000e+05 4.205490240000000000e+08
2.800180000000000000e+05 1.651245531000000000e+09
2.797940000000000000e+05 7.576089020000000000e+08
2.798230000000000000e+05 3.276409840000000000e+08
2.802420000000000000e+05 3.482345730000000000e+08
2.797660000000000000e+05 -1.937502535000000000e+09
2.798230000000000000e+05 2.112696660000000000e+08
2.789230000000000000e+05 2.624690920000000000e+08
2.795880000000000000e+05 4.422904720000000000e+08
2.799750000000000000e+05 1.097801797000000000e+09
2.797600000000000000e+05 4.005165510000000000e+08
2.797940000000000000e+05 4.434112660000000000e+08
2.803490000000000000e+05 6.813934690000000000e+08
2.796670000000000000e+05 6.898078240000000000e+08
2.789230000000000000e+05 7.232413840000000000e+08
2.803300000000000000e+05 1.449642039000000000e+09
2.803300000000000000e+05 1.638195282000000000e+09
2.801910000000000000e+05 4.084228800000000000e+08
2.803300000000000000e+05 1.554737372000000000e+09
2.789230000000000000e+05 5.543632830000000000e+08
2.789230000000000000e+05 6.342790200000000000e+08
2.803300000000000000e+05 1.545757224000000000e+09
2.803300000000000000e+05 1.428564908000000000e+09
2.803300000000000000e+05 1.374155160000000000e+08
2.789230000000000000e+05 7.688029070000000000e+08
2.789620000000000000e+05 9.044431100000000000e+07
2.796670000000000000e+05 6.428103100000000000e+08
2.795880000000000000e+05 2.019174831000000000e+09
2.796670000000000000e+05 7.494305120000000000e+08
2.796540000000000000e+05 1.870564852000000000e+09
2.798230000000000000e+05 1.823512020000000000e+08
2.803300000000000000e+05 9.075481300000000000e+07
2.789620000000000000e+05 1.550382140000000000e+08
2.789620000000000000e+05 1.252770070000000000e+08
2.803300000000000000e+05 3.167999550000000000e+08
2.796850000000000000e+05 9.701874000000000000e+07
2.798230000000000000e+05 2.583497770000000000e+08
2.796530000000000000e+05 3.357258760000000000e+08
2.797600000000000000e+05 1.784552810000000000e+08
2.789690000000000000e+05 2.122745410000000000e+08
2.798410000000000000e+05 2.233582520000000000e+08
2.797600000000000000e+05 2.003955820000000000e+08
2.797600000000000000e+05 4.335940980000000000e+08
2.797600000000000000e+05 1.410622020000000000e+08
2.797600000000000000e+05 3.582425280000000000e+08
2.789620000000000000e+05 5.733665630000000000e+08
2.797600000000000000e+05 9.142306840000000000e+08
2.789620000000000000e+05 3.407408560000000000e+08
2.797600000000000000e+05 9.361709480000000000e+08
2.789690000000000000e+05 5.511316310000000000e+08
2.789690000000000000e+05 7.094398610000000000e+08
2.797600000000000000e+05 1.115241305000000000e+09
2.789620000000000000e+05 3.580589060000000000e+08
2.797600000000000000e+05 8.010423150000000000e+08
2.798230000000000000e+05 2.633447710000000000e+08
2.803850000000000000e+05 -8.617364700000000000e+08
2.798410000000000000e+05 7.459793300000000000e+07
2.798230000000000000e+05 5.091667430000000000e+08
2.803850000000000000e+05 1.518633698000000000e+09
2.803850000000000000e+05 -1.008726833000000000e+09
2.789620000000000000e+05 4.870139130000000000e+08
2.796540000000000000e+05 1.729659065000000000e+09
2.803640000000000000e+05 1.516139603000000000e+09
2.789630000000000000e+05 1.790161290000000000e+08
2.795880000000000000e+05 -2.057543784000000000e+09
2.796580000000000000e+05 5.308344330000000000e+08
2.796670000000000000e+05 1.250288322000000000e+09
2.796940000000000000e+05 -1.583007088000000000e+09
2.796940000000000000e+05 -1.707246438000000000e+09
2.796940000000000000e+05 -3.337783310000000000e+08
2.795880000000000000e+05 1.563708441000000000e+09
2.795880000000000000e+05 1.677714447000000000e+09
2.798410000000000000e+05 3.511506410000000000e+08
2.789620000000000000e+05 4.557911180000000000e+08
2.797600000000000000e+05 9.988836900000000000e+08
2.789620000000000000e+05 4.980432780000000000e+08
2.789620000000000000e+05 5.105463350000000000e+08
2.797600000000000000e+05 1.055370498000000000e+09
2.789690000000000000e+05 4.467580990000000000e+08
2.789690000000000000e+05 6.772199290000000000e+08
2.797600000000000000e+05 8.131751870000000000e+08
2.798410000000000000e+05 3.023978870000000000e+08
2.789690000000000000e+05 7.205932370000000000e+08
2.789690000000000000e+05 6.510464470000000000e+08
2.797600000000000000e+05 1.057122805000000000e+09
2.789620000000000000e+05 5.948421350000000000e+08
2.800160000000000000e+05 2.110280510000000000e+08
2.789630000000000000e+05 1.726248320000000000e+08
2.796940000000000000e+05 -1.553836349000000000e+09
2.789620000000000000e+05 6.213879240000000000e+08
2.789630000000000000e+05 1.033907000000000000e+07
2.796540000000000000e+05 1.889008443000000000e+09
2.789630000000000000e+05 1.193096700000000000e+07
2.803850000000000000e+05 -1.270899209000000000e+09
2.796560000000000000e+05 4.968992900000000000e+07
2.796670000000000000e+05 1.735604029000000000e+09
2.803850000000000000e+05 1.772433696000000000e+09
2.789630000000000000e+05 4.703695000000000000e+07
2.796540000000000000e+05 1.921018252000000000e+09
2.789630000000000000e+05 7.262426400000000000e+07
2.796540000000000000e+05 1.500052630000000000e+09
2.796580000000000000e+05 5.265544680000000000e+08
2.803850000000000000e+05 -9.367932420000000000e+08
2.796670000000000000e+05 1.299464853000000000e+09
2.803850000000000000e+05 -1.372282830000000000e+09
2.796540000000000000e+05 -2.025227803000000000e+09
2.789630000000000000e+05 1.816552050000000000e+08
2.796940000000000000e+05 -1.718420126000000000e+09
2.796670000000000000e+05 1.118853183000000000e+09
2.789630000000000000e+05 2.058696230000000000e+08
2.795880000000000000e+05 1.953632617000000000e+09
2.796540000000000000e+05 1.973906751000000000e+09
2.796670000000000000e+05 1.497789395000000000e+09
2.803850000000000000e+05 1.559039670000000000e+09
2.796670000000000000e+05 9.191629680000000000e+08
2.796940000000000000e+05 9.567075040000000000e+08
2.803850000000000000e+05 1.389633707000000000e+09
2.789630000000000000e+05 2.945869560000000000e+08
2.796670000000000000e+05 9.450517110000000000e+08
2.802490000000000000e+05 6.285713900000000000e+07
2.802490000000000000e+05 9.362588040000000000e+08
2.789630000000000000e+05 2.589320370000000000e+08
2.798410000000000000e+05 1.824793890000000000e+08
2.802490000000000000e+05 3.905371440000000000e+08
2.796940000000000000e+05 -9.303396150000000000e+08
2.795880000000000000e+05 1.682390701000000000e+09
2.796940000000000000e+05 1.436599411000000000e+09
2.796910000000000000e+05 8.170098800000000000e+07
2.799310000000000000e+05 -1.297817247000000000e+09
2.789690000000000000e+05 2.947476200000000000e+07
2.797600000000000000e+05 1.500275840000000000e+08
2.798440000000000000e+05 3.673843290000000000e+08
2.789690000000000000e+05 3.002783070000000000e+08
2.799310000000000000e+05 -1.167505286000000000e+09
2.789690000000000000e+05 1.075397460000000000e+08
2.798440000000000000e+05 1.884203260000000000e+08
2.799310000000000000e+05 -1.116566772000000000e+09
2.789690000000000000e+05 2.574146980000000000e+08
2.798230000000000000e+05 4.314025970000000000e+08
2.789690000000000000e+05 3.250562800000000000e+08
2.798870000000000000e+05 2.501688530000000000e+08
2.799310000000000000e+05 1.454149216000000000e+09
2.789690000000000000e+05 8.500130300000000000e+07
2.796810000000000000e+05 4.150743000000000000e+07
2.798230000000000000e+05 1.988641530000000000e+08
2.798440000000000000e+05 2.486114830000000000e+08
2.798870000000000000e+05 7.320853600000000000e+07
2.797600000000000000e+05 1.295861330000000000e+08
2.799310000000000000e+05 -1.287207530000000000e+09
2.789690000000000000e+05 1.700228980000000000e+08
2.799750000000000000e+05 7.450384280000000000e+08
2.796850000000000000e+05 6.124180400000000000e+07
2.797670000000000000e+05 1.119369417000000000e+09
2.799310000000000000e+05 5.899144970000000000e+08
2.799310000000000000e+05 8.038305930000000000e+08
2.798440000000000000e+05 2.360337670000000000e+08
2.798870000000000000e+05 3.252837500000000000e+07
2.801880000000000000e+05 1.700099480000000000e+08
2.799310000000000000e+05 5.588743190000000000e+08
2.796540000000000000e+05 1.286654860000000000e+08
2.797600000000000000e+05 3.840016840000000000e+08
2.798870000000000000e+05 9.086604000000000000e+07
2.798870000000000000e+05 3.809869340000000000e+08
2.799750000000000000e+05 7.065994830000000000e+08
2.803850000000000000e+05 7.032834480000000000e+08
2.797600000000000000e+05 8.835030000000000000e+07
2.799310000000000000e+05 1.229383609000000000e+09
2.799310000000000000e+05 3.312321850000000000e+08
2.799310000000000000e+05 4.367773950000000000e+08
2.798440000000000000e+05 3.973355420000000000e+08
2.803850000000000000e+05 1.864710580000000000e+08
2.803850000000000000e+05 1.879444460000000000e+08
2.803850000000000000e+05 4.571053350000000000e+08
2.798870000000000000e+05 3.668094230000000000e+08
2.797670000000000000e+05 1.109108021000000000e+09
2.796810000000000000e+05 4.807552600000000000e+07
2.799310000000000000e+05 -1.134940423000000000e+09
2.789690000000000000e+05 3.573557110000000000e+08
2.799310000000000000e+05 -1.874600420000000000e+08
2.799310000000000000e+05 5.761233220000000000e+08
2.796540000000000000e+05 4.021483800000000000e+08
2.796850000000000000e+05 3.663138430000000000e+08
2.796540000000000000e+05 1.437834250000000000e+08
2.796540000000000000e+05 1.072074659000000000e+09
2.799310000000000000e+05 -1.239598991000000000e+09
2.802510000000000000e+05 4.810456970000000000e+08
2.803850000000000000e+05 -1.055328227000000000e+09
2.799310000000000000e+05 1.390654166000000000e+09
2.789690000000000000e+05 4.215415880000000000e+08
2.798440000000000000e+05 5.731280600000000000e+07
2.798870000000000000e+05 4.072190800000000000e+07
2.799310000000000000e+05 1.752453778000000000e+09
2.799310000000000000e+05 4.195575340000000000e+08
2.799310000000000000e+05 5.220676540000000000e+08
2.789690000000000000e+05 5.615419900000000000e+08
2.799310000000000000e+05 1.379957012000000000e+09
2.798870000000000000e+05 4.267570490000000000e+08
2.798870000000000000e+05 4.175012130000000000e+08
2.798870000000000000e+05 3.202903770000000000e+08
2.798870000000000000e+05 3.203095580000000000e+08
2.789690000000000000e+05 1.841752514000000000e+09
2.789690000000000000e+05 1.841414942000000000e+09
2.789690000000000000e+05 1.067145216000000000e+09
2.797150000000000000e+05 1.121316244000000000e+09
2.797160000000000000e+05 -2.065352833000000000e+09
2.799750000000000000e+05 1.758478029000000000e+09
2.796540000000000000e+05 1.114250258000000000e+09
2.803640000000000000e+05 -2.114425420000000000e+09
2.796540000000000000e+05 8.823683320000000000e+08
2.797660000000000000e+05 1.329127700000000000e+08
2.796540000000000000e+05 3.717994280000000000e+08
2.799750000000000000e+05 4.901900200000000000e+08
2.797660000000000000e+05 1.016093200000000000e+08
2.789690000000000000e+05 1.527386873000000000e+09
2.796540000000000000e+05 8.444222440000000000e+08
2.796540000000000000e+05 1.017589578000000000e+09
2.799310000000000000e+05 8.145085070000000000e+08
2.799310000000000000e+05 -8.596477830000000000e+08
2.789690000000000000e+05 9.317491060000000000e+08
2.789690000000000000e+05 1.405044423000000000e+09
2.789690000000000000e+05 1.365131358000000000e+09
2.800180000000000000e+05 2.669450700000000000e+08
2.799310000000000000e+05 -2.031501215000000000e+09
2.799310000000000000e+05 1.131792082000000000e+09
2.802490000000000000e+05 1.224336531000000000e+09
2.789690000000000000e+05 1.182976431000000000e+09
2.797660000000000000e+05 7.055188400000000000e+07
2.789690000000000000e+05 1.575859863000000000e+09
2.789690000000000000e+05 1.576034482000000000e+09
2.797660000000000000e+05 5.085205720000000000e+08
2.799310000000000000e+05 1.654965012000000000e+09
2.796540000000000000e+05 8.281405290000000000e+08
2.789690000000000000e+05 1.427601630000000000e+09
2.799310000000000000e+05 1.136806954000000000e+09
2.797660000000000000e+05 6.852538400000000000e+08
2.799310000000000000e+05 1.196449491000000000e+09
2.799310000000000000e+05 -5.029554370000000000e+08
2.789690000000000000e+05 1.165899556000000000e+09
2.789690000000000000e+05 1.281126771000000000e+09
2.799310000000000000e+05 9.204961220000000000e+08
2.789690000000000000e+05 1.088205451000000000e+09
2.796540000000000000e+05 1.277801167000000000e+09
2.796540000000000000e+05 7.067875710000000000e+08
2.789690000000000000e+05 1.330047607000000000e+09
2.800240000000000000e+05 3.869235700000000000e+07
2.800240000000000000e+05 4.759505780000000000e+08
2.797660000000000000e+05 8.007094690000000000e+08
2.803850000000000000e+05 1.326792388000000000e+09
2.797660000000000000e+05 -1.584277521000000000e+09
2.799310000000000000e+05 8.481957830000000000e+08
2.797160000000000000e+05 -1.539889943000000000e+09
2.797150000000000000e+05 9.910383060000000000e+08
2.799310000000000000e+05 -1.243244552000000000e+09
2.789690000000000000e+05 1.444870427000000000e+09
2.799310000000000000e+05 1.035354655000000000e+09
2.799750000000000000e+05 1.838480085000000000e+09
2.802490000000000000e+05 1.306109173000000000e+09
2.797160000000000000e+05 -1.497796445000000000e+09
2.796540000000000000e+05 7.371965980000000000e+08
2.789690000000000000e+05 1.584508148000000000e+09
2.797660000000000000e+05 -1.383667098000000000e+09
2.799750000000000000e+05 5.685288440000000000e+08
2.803840000000000000e+05 4.001984000000000000e+06
2.789690000000000000e+05 1.595043922000000000e+09
2.797150000000000000e+05 1.082369640000000000e+09
2.799310000000000000e+05 1.520494926000000000e+09
2.797670000000000000e+05 5.443139120000000000e+08
2.803850000000000000e+05 7.373590340000000000e+08
2.790290000000000000e+05 2.694267390000000000e+08
2.789690000000000000e+05 1.782543011000000000e+09
2.790290000000000000e+05 3.395781290000000000e+08
2.799750000000000000e+05 3.445297230000000000e+08
2.795880000000000000e+05 8.171957700000000000e+08
2.795880000000000000e+05 8.189398230000000000e+08
2.797660000000000000e+05 1.189492975000000000e+09
2.800180000000000000e+05 1.933466642000000000e+09
2.797660000000000000e+05 1.258408923000000000e+09
2.800180000000000000e+05 1.698400614000000000e+09
2.799750000000000000e+05 1.420615830000000000e+09
2.795880000000000000e+05 7.662524360000000000e+08
2.797940000000000000e+05 1.734611323000000000e+09
2.803850000000000000e+05 1.934842473000000000e+09
2.797940000000000000e+05 9.356339960000000000e+08
2.797940000000000000e+05 1.031336981000000000e+09
2.800180000000000000e+05 5.029667010000000000e+08
2.799750000000000000e+05 1.352455732000000000e+09
2.789690000000000000e+05 -2.000284200000000000e+09
2.798410000000000000e+05 -1.574832399000000000e+09
2.795880000000000000e+05 1.064337825000000000e+09
2.797940000000000000e+05 9.729104680000000000e+08
2.798410000000000000e+05 -1.616676405000000000e+09
2.797160000000000000e+05 1.293909238000000000e+09
2.797940000000000000e+05 1.741713100000000000e+09
2.797940000000000000e+05 1.740711473000000000e+09
2.797660000000000000e+05 1.007390115000000000e+09
2.798410000000000000e+05 -2.046613178000000000e+09
2.796940000000000000e+05 1.847212451000000000e+09
2.800180000000000000e+05 1.539996064000000000e+09
2.802420000000000000e+05 1.057823129000000000e+09
2.799750000000000000e+05 1.659473727000000000e+09
2.798410000000000000e+05 -2.132469045000000000e+09
2.798410000000000000e+05 -1.370528656000000000e+09
2.797940000000000000e+05 1.882959904000000000e+09
2.797660000000000000e+05 5.203728900000000000e+08
2.798410000000000000e+05 2.082354951000000000e+09
2.799750000000000000e+05 1.563278667000000000e+09
2.789750000000000000e+05 1.173418000000000000e+08
2.789750000000000000e+05 3.208937780000000000e+08
2.797660000000000000e+05 1.794801183000000000e+09
2.790710000000000000e+05 2.770347120000000000e+08
2.790290000000000000e+05 1.312705970000000000e+08
2.795880000000000000e+05 4.433900530000000000e+08
2.789750000000000000e+05 7.974730020000000000e+08
2.799750000000000000e+05 3.034937750000000000e+08
2.789750000000000000e+05 6.063917850000000000e+08
2.799750000000000000e+05 5.123113730000000000e+08
2.799750000000000000e+05 5.116254550000000000e+08
2.790710000000000000e+05 8.327180900000000000e+07
2.790710000000000000e+05 9.628280600000000000e+07
2.799750000000000000e+05 1.158701844000000000e+09
2.790800000000000000e+05 9.297063100000000000e+07
2.803850000000000000e+05 1.900123237000000000e+09
2.803850000000000000e+05 2.105165359000000000e+09
2.799750000000000000e+05 5.017773940000000000e+08
2.798410000000000000e+05 -2.104537772000000000e+09
2.798410000000000000e+05 -9.368967990000000000e+08
2.797660000000000000e+05 1.531447833000000000e+09
2.789750000000000000e+05 1.268693478000000000e+09
2.796940000000000000e+05 1.705803360000000000e+09
2.801910000000000000e+05 2.816423650000000000e+08
2.801910000000000000e+05 4.889861630000000000e+08
2.790240000000000000e+05 5.971399430000000000e+08
2.799750000000000000e+05 1.425636882000000000e+09
2.802420000000000000e+05 4.562134850000000000e+08
2.790800000000000000e+05 2.696241600000000000e+07
2.797160000000000000e+05 9.481596590000000000e+08
2.798410000000000000e+05 2.097197118000000000e+09
2.799750000000000000e+05 1.557506530000000000e+09
2.799750000000000000e+05 1.556813086000000000e+09
2.797160000000000000e+05 1.273082178000000000e+09
2.796940000000000000e+05 1.557257565000000000e+09
2.796940000000000000e+05 2.118867717000000000e+09
2.802420000000000000e+05 8.781627090000000000e+08
2.800180000000000000e+05 1.889091885000000000e+09
2.800180000000000000e+05 2.064172320000000000e+09
2.797940000000000000e+05 1.258814857000000000e+09
2.800180000000000000e+05 1.585221124000000000e+09
2.790800000000000000e+05 1.933788600000000000e+07
2.803850000000000000e+05 1.280042381000000000e+09
2.802420000000000000e+05 4.039683600000000000e+08
2.802420000000000000e+05 4.096805720000000000e+08
2.796940000000000000e+05 -1.773450051000000000e+09
2.803850000000000000e+05 -1.760591037000000000e+09
2.796940000000000000e+05 1.959546732000000000e+09
2.796940000000000000e+05 1.960837496000000000e+09
2.797660000000000000e+05 1.049830670000000000e+09
2.797160000000000000e+05 6.688341140000000000e+08
2.803850000000000000e+05 2.103882414000000000e+09
2.799750000000000000e+05 1.314181203000000000e+09
2.803850000000000000e+05 1.981067786000000000e+09
2.800180000000000000e+05 1.559075014000000000e+09
2.797160000000000000e+05 1.026600636000000000e+09
2.803850000000000000e+05 1.907761985000000000e+09
2.791150000000000000e+05 1.173167830000000000e+08
2.797660000000000000e+05 -2.054259701000000000e+09
2.799750000000000000e+05 1.661254950000000000e+08
2.797160000000000000e+05 1.795721517000000000e+09
2.795880000000000000e+05 1.131961411000000000e+09
2.791150000000000000e+05 3.202616620000000000e+08
2.797160000000000000e+05 1.631381414000000000e+09
2.791150000000000000e+05 5.797345820000000000e+08
2.791160000000000000e+05 1.210165120000000000e+08
2.791150000000000000e+05 5.298756010000000000e+08
2.796940000000000000e+05 1.610102609000000000e+09
2.791160000000000000e+05 1.133909920000000000e+08
2.798410000000000000e+05 -1.418975210000000000e+09
2.798410000000000000e+05 -1.453870341000000000e+09
2.791150000000000000e+05 8.028349270000000000e+08
2.795880000000000000e+05 5.792646610000000000e+08
2.795880000000000000e+05 5.904165520000000000e+08
2.791150000000000000e+05 4.701069330000000000e+08
2.798410000000000000e+05 -7.793052290000000000e+08
2.791150000000000000e+05 8.114768000000000000e+08
2.802420000000000000e+05 6.663865920000000000e+08
2.802420000000000000e+05 6.945566200000000000e+08
2.802420000000000000e+05 8.173161330000000000e+08
2.791160000000000000e+05 8.599190800000000000e+07
2.798410000000000000e+05 -1.132707203000000000e+09
2.791150000000000000e+05 6.319916240000000000e+08
2.791150000000000000e+05 7.092107310000000000e+08
2.797940000000000000e+05 7.741117940000000000e+08
2.795880000000000000e+05 6.308898340000000000e+08
2.795880000000000000e+05 6.542086760000000000e+08
2.797940000000000000e+05 8.880091290000000000e+08
2.802420000000000000e+05 8.660185990000000000e+08
2.801910000000000000e+05 1.456219338000000000e+09
2.801910000000000000e+05 5.604374040000000000e+08
2.791160000000000000e+05 1.686524570000000000e+08
2.803300000000000000e+05 1.397184883000000000e+09
2.791160000000000000e+05 3.083042610000000000e+08
2.801910000000000000e+05 2.884714250000000000e+08
2.801910000000000000e+05 1.400320682000000000e+09
2.791160000000000000e+05 8.452330780000000000e+08
2.798230000000000000e+05 2.657670370000000000e+08
2.798230000000000000e+05 6.974161800000000000e+07
2.798230000000000000e+05 8.570717500000000000e+07
2.799750000000000000e+05 3.286356570000000000e+08
2.799750000000000000e+05 7.077185290000000000e+08
2.797940000000000000e+05 2.683709110000000000e+08
2.798440000000000000e+05 4.558232200000000000e+07
2.795880000000000000e+05 2.519220270000000000e+08
2.795880000000000000e+05 2.741378560000000000e+08
2.795880000000000000e+05 1.833904370000000000e+08
2.795880000000000000e+05 2.348819400000000000e+08
2.799750000000000000e+05 9.775969930000000000e+08
2.799750000000000000e+05 9.376380440000000000e+08
2.802420000000000000e+05 8.826484400000000000e+07
2.802420000000000000e+05 7.142169620000000000e+08
2.802420000000000000e+05 6.147711360000000000e+08
2.795880000000000000e+05 4.158801180000000000e+08
2.795880000000000000e+05 4.235072120000000000e+08
2.802420000000000000e+05 7.148755310000000000e+08
2.797940000000000000e+05 7.187910020000000000e+08
2.797940000000000000e+05 3.620072220000000000e+08
2.797940000000000000e+05 7.472746100000000000e+08
2.802420000000000000e+05 5.671992820000000000e+08
2.797940000000000000e+05 9.674095180000000000e+08
2.800160000000000000e+05 3.658502300000000000e+07
2.797940000000000000e+05 1.126319293000000000e+09
2.796940000000000000e+05 -1.859874659000000000e+09
2.803850000000000000e+05 -1.756649519000000000e+09
2.798410000000000000e+05 -1.299002253000000000e+09
2.796940000000000000e+05 1.614821569000000000e+09
2.795880000000000000e+05 1.053539961000000000e+09
2.800180000000000000e+05 3.974102020000000000e+08
2.795880000000000000e+05 1.916189432000000000e+09
2.803850000000000000e+05 1.148896898000000000e+09
2.795880000000000000e+05 1.309547643000000000e+09
2.795880000000000000e+05 1.335374441000000000e+09
2.795880000000000000e+05 1.440758107000000000e+09
2.799310000000000000e+05 -1.782880797000000000e+09
2.796540000000000000e+05 1.927452124000000000e+09
2.803850000000000000e+05 1.447547883000000000e+09
2.800160000000000000e+05 7.652920300000000000e+07
2.796670000000000000e+05 1.026851012000000000e+09
2.796670000000000000e+05 1.408318826000000000e+09
2.795880000000000000e+05 1.397398562000000000e+09
2.796940000000000000e+05 8.798242640000000000e+08
2.797600000000000000e+05 9.581696180000000000e+08
2.795880000000000000e+05 1.429069752000000000e+09
2.803850000000000000e+05 -2.014405020000000000e+09
2.795880000000000000e+05 1.467827276000000000e+09
2.799310000000000000e+05 -1.757900600000000000e+09
2.795880000000000000e+05 -2.120904182000000000e+09
2.796940000000000000e+05 5.615247220000000000e+08
2.796940000000000000e+05 6.271498630000000000e+08
2.802490000000000000e+05 3.197125390000000000e+08
2.799940000000000000e+05 3.456035900000000000e+07
2.799310000000000000e+05 -1.792441985000000000e+09
2.795880000000000000e+05 1.813960687000000000e+09
2.796940000000000000e+05 5.846795400000000000e+08
2.796940000000000000e+05 4.172464000000000000e+06
2.796940000000000000e+05 4.827934400000000000e+07
2.802490000000000000e+05 6.921069730000000000e+08
2.795880000000000000e+05 2.058687501000000000e+09
2.799940000000000000e+05 3.135976000000000000e+07
2.799940000000000000e+05 5.440319000000000000e+07
2.796940000000000000e+05 9.152009470000000000e+08
2.799310000000000000e+05 -1.860916440000000000e+09
2.796580000000000000e+05 3.780707600000000000e+08
2.800150000000000000e+05 2.622295990000000000e+08
2.800170000000000000e+05 4.111380200000000000e+08
2.800150000000000000e+05 1.290885360000000000e+08
2.800150000000000000e+05 3.615384380000000000e+08
2.802490000000000000e+05 6.992540500000000000e+08
2.796580000000000000e+05 2.718563310000000000e+08
2.796940000000000000e+05 -1.469671270000000000e+09
2.802420000000000000e+05 1.041308710000000000e+09
2.795880000000000000e+05 1.875947208000000000e+09
2.795880000000000000e+05 1.901394927000000000e+09
2.795880000000000000e+05 -2.102084926000000000e+09
2.795880000000000000e+05 1.933611400000000000e+09
2.796540000000000000e+05 2.121711613000000000e+09
2.800150000000000000e+05 1.696704400000000000e+07
2.796940000000000000e+05 -1.508472046000000000e+09
2.800150000000000000e+05 1.736920530000000000e+08
2.796910000000000000e+05 8.740446000000000000e+07
2.796540000000000000e+05 -1.999440899000000000e+09
2.795880000000000000e+05 2.101763025000000000e+09
2.799310000000000000e+05 -1.987534985000000000e+09
2.803850000000000000e+05 -1.520527440000000000e+09
2.803850000000000000e+05 -1.291095565000000000e+09
2.796940000000000000e+05 2.693985370000000000e+08
2.796940000000000000e+05 3.521271990000000000e+08
2.799940000000000000e+05 4.299401800000000000e+07
2.802490000000000000e+05 6.487453500000000000e+07
2.803640000000000000e+05 -2.089480045000000000e+09
2.799660000000000000e+05 5.360274770000000000e+08
2.799310000000000000e+05 1.265204641000000000e+09
2.797600000000000000e+05 1.527736900000000000e+08
2.796530000000000000e+05 3.476587160000000000e+08
2.796940000000000000e+05 3.855418480000000000e+08
2.796940000000000000e+05 4.341386070000000000e+08
2.796530000000000000e+05 2.591867110000000000e+08
2.796530000000000000e+05 3.121296270000000000e+08
2.796940000000000000e+05 2.082697990000000000e+08
2.796940000000000000e+05 6.035261430000000000e+08
2.797600000000000000e+05 9.057898500000000000e+07
2.796940000000000000e+05 7.506616190000000000e+08
2.796910000000000000e+05 7.341129000000000000e+07
2.799660000000000000e+05 5.225320950000000000e+08
2.799660000000000000e+05 9.127138000000000000e+07
2.799660000000000000e+05 5.703898620000000000e+08
2.796540000000000000e+05 7.531527200000000000e+07
2.796540000000000000e+05 2.345184210000000000e+08
2.796540000000000000e+05 3.401908050000000000e+08
2.799660000000000000e+05 5.415966020000000000e+08
2.796940000000000000e+05 3.320480690000000000e+08
2.796940000000000000e+05 2.348278850000000000e+08
2.797150000000000000e+05 4.769295350000000000e+08
2.797150000000000000e+05 6.440093380000000000e+08
2.796530000000000000e+05 1.738836260000000000e+08
2.796530000000000000e+05 1.764883050000000000e+08
2.796530000000000000e+05 2.839970330000000000e+08
2.796530000000000000e+05 1.832050230000000000e+08
2.797160000000000000e+05 2.615309780000000000e+08
2.799310000000000000e+05 1.886703082000000000e+09
2.796940000000000000e+05 7.203330460000000000e+08
2.799310000000000000e+05 7.512723230000000000e+08
2.799310000000000000e+05 8.267594160000000000e+08
2.796530000000000000e+05 3.215245450000000000e+08
2.797160000000000000e+05 2.260318170000000000e+08
2.799310000000000000e+05 -2.049487750000000000e+09
2.796540000000000000e+05 1.753399900000000000e+07
2.796540000000000000e+05 2.793723530000000000e+08
2.799750000000000000e+05 5.624483720000000000e+08
2.798870000000000000e+05 2.182791540000000000e+08
2.799310000000000000e+05 4.475762010000000000e+08
2.799310000000000000e+05 6.338440460000000000e+08
2.798870000000000000e+05 4.311865200000000000e+07
2.798870000000000000e+05 4.816737510000000000e+08
2.799750000000000000e+05 6.913691080000000000e+08
2.798870000000000000e+05 5.768257500000000000e+07
2.796540000000000000e+05 6.662728150000000000e+08
2.799750000000000000e+05 7.525141320000000000e+08
2.799310000000000000e+05 9.115932600000000000e+07
2.801870000000000000e+05 1.063400900000000000e+07
2.799750000000000000e+05 6.621781700000000000e+08
2.797660000000000000e+05 6.227201170000000000e+08
2.796540000000000000e+05 4.205697620000000000e+08
2.799750000000000000e+05 5.723688810000000000e+08
2.803850000000000000e+05 8.307870810000000000e+08
2.796540000000000000e+05 7.019103090000000000e+08
2.799750000000000000e+05 4.446479890000000000e+08
2.799750000000000000e+05 5.158662870000000000e+08
2.797150000000000000e+05 1.076492816000000000e+09
2.797150000000000000e+05 1.124868904000000000e+09
2.796540000000000000e+05 1.183151905000000000e+09
2.796540000000000000e+05 1.021773986000000000e+09
2.796540000000000000e+05 1.059612949000000000e+09
2.797660000000000000e+05 1.748470500000000000e+08
2.796540000000000000e+05 1.152344647000000000e+09
2.797660000000000000e+05 3.183316630000000000e+08
2.796540000000000000e+05 9.396538220000000000e+08
2.802490000000000000e+05 1.290895786000000000e+09
2.797660000000000000e+05 3.600053840000000000e+08
2.803850000000000000e+05 -2.047910099000000000e+09
2.797660000000000000e+05 2.905045890000000000e+08
2.797660000000000000e+05 3.806749090000000000e+08
2.797660000000000000e+05 3.217854170000000000e+08
2.796540000000000000e+05 -2.092820197000000000e+09
2.796540000000000000e+05 2.056050724000000000e+09
2.800150000000000000e+05 5.418223000000000000e+08
2.796940000000000000e+05 1.448694683000000000e+09
2.796940000000000000e+05 1.794591418000000000e+09
2.796540000000000000e+05 1.655610742000000000e+09
2.796540000000000000e+05 1.570150843000000000e+09
2.803850000000000000e+05 -1.471899694000000000e+09
2.803850000000000000e+05 1.043438325000000000e+09
2.803850000000000000e+05 -1.500178418000000000e+09
2.796540000000000000e+05 1.937379391000000000e+09
2.796540000000000000e+05 1.940518894000000000e+09
2.803850000000000000e+05 -1.527429388000000000e+09
2.796540000000000000e+05 1.855857286000000000e+09
2.802490000000000000e+05 4.168118860000000000e+08
2.796670000000000000e+05 8.512482810000000000e+08
2.796940000000000000e+05 1.002079137000000000e+09
2.796940000000000000e+05 1.270983275000000000e+09
2.796540000000000000e+05 -2.027728459000000000e+09
2.797670000000000000e+05 3.431759440000000000e+08
2.797660000000000000e+05 -1.450772089000000000e+09
2.803850000000000000e+05 6.833712450000000000e+08
2.796940000000000000e+05 -9.403212790000000000e+08
2.797670000000000000e+05 1.156555854000000000e+09
2.799750000000000000e+05 6.877492000000000000e+07
2.803850000000000000e+05 2.758936950000000000e+08
2.797670000000000000e+05 4.362511950000000000e+08
2.798440000000000000e+05 3.777955450000000000e+08
2.797670000000000000e+05 9.730517810000000000e+08
2.796580000000000000e+05 5.606325370000000000e+08
2.796670000000000000e+05 1.317349412000000000e+09
2.796580000000000000e+05 7.726449120000000000e+08
2.796940000000000000e+05 1.325780504000000000e+09
2.799310000000000000e+05 6.063123480000000000e+08
2.797670000000000000e+05 6.422799590000000000e+08
2.802490000000000000e+05 1.786468229000000000e+09
2.803850000000000000e+05 -1.151568469000000000e+09
2.797670000000000000e+05 9.593397340000000000e+08
2.802490000000000000e+05 1.835080949000000000e+09
2.803850000000000000e+05 -7.605673950000000000e+08
2.800150000000000000e+05 4.937050330000000000e+08
2.803850000000000000e+05 -9.506368030000000000e+08
2.803850000000000000e+05 -9.499250440000000000e+08
2.803850000000000000e+05 -7.840302260000000000e+08
2.802490000000000000e+05 1.942187825000000000e+09
2.800150000000000000e+05 3.279151370000000000e+08
2.802490000000000000e+05 7.852776600000000000e+07
2.796940000000000000e+05 -3.556903170000000000e+08
2.799310000000000000e+05 -1.497354110000000000e+09
2.797670000000000000e+05 8.334312660000000000e+08
2.800150000000000000e+05 4.144643820000000000e+08
2.802490000000000000e+05 2.066246677000000000e+09
2.803850000000000000e+05 -7.376261810000000000e+08
2.797600000000000000e+05 1.355750620000000000e+08
2.796940000000000000e+05 1.348626604000000000e+09
2.796940000000000000e+05 -1.642683065000000000e+09
2.803850000000000000e+05 -1.186398010000000000e+09
2.796670000000000000e+05 1.605082739000000000e+09
2.796580000000000000e+05 1.104854009000000000e+09
2.796580000000000000e+05 1.240735942000000000e+09
2.796670000000000000e+05 4.393063800000000000e+07
2.796670000000000000e+05 5.869970010000000000e+08
2.798410000000000000e+05 3.784922080000000000e+08
2.803640000000000000e+05 1.428064219000000000e+09
2.798410000000000000e+05 4.665653650000000000e+08
2.797150000000000000e+05 4.967627880000000000e+08
2.796670000000000000e+05 7.291307960000000000e+08
2.798410000000000000e+05 5.533840250000000000e+08
2.798410000000000000e+05 5.694803730000000000e+08
2.803850000000000000e+05 9.197527200000000000e+07
2.796670000000000000e+05 1.193719051000000000e+09
2.796940000000000000e+05 -4.404977610000000000e+08
2.797150000000000000e+05 5.097603060000000000e+08
2.797160000000000000e+05 5.135053600000000000e+07
2.797160000000000000e+05 5.174826600000000000e+07
2.799310000000000000e+05 1.704376740000000000e+09
2.799660000000000000e+05 4.726490750000000000e+08
2.796670000000000000e+05 1.545849825000000000e+09
2.797940000000000000e+05 1.195100308000000000e+09
2.796670000000000000e+05 1.217930595000000000e+09
2.796670000000000000e+05 1.674179886000000000e+09
2.797150000000000000e+05 4.753786530000000000e+08
2.799660000000000000e+05 8.121982000000000000e+07
2.797150000000000000e+05 4.930968470000000000e+08
2.799660000000000000e+05 3.405738580000000000e+08
2.799660000000000000e+05 3.469247320000000000e+08
2.803640000000000000e+05 -2.009766585000000000e+09
2.798410000000000000e+05 7.890674420000000000e+08
2.803850000000000000e+05 -1.381512880000000000e+09
2.799310000000000000e+05 1.580157563000000000e+09
2.799310000000000000e+05 1.645016826000000000e+09
2.799310000000000000e+05 1.645291401000000000e+09
2.803640000000000000e+05 -2.005496225000000000e+09
2.796820000000000000e+05 7.578567000000000000e+06
2.803840000000000000e+05 5.590330700000000000e+07
2.799310000000000000e+05 1.721908570000000000e+08
2.797150000000000000e+05 1.015570520000000000e+08
2.799660000000000000e+05 3.909796540000000000e+08
2.803640000000000000e+05 1.717829085000000000e+09
2.799660000000000000e+05 6.104004990000000000e+08
2.803640000000000000e+05 1.223628642000000000e+09
2.803640000000000000e+05 1.328129475000000000e+09
2.796820000000000000e+05 4.133614500000000000e+07
2.796940000000000000e+05 8.640517670000000000e+08
2.803640000000000000e+05 1.268321752000000000e+09
2.796850000000000000e+05 1.504538600000000000e+07
2.797600000000000000e+05 1.770748570000000000e+08
2.799660000000000000e+05 5.988477290000000000e+08
2.803640000000000000e+05 1.160909504000000000e+09
2.803640000000000000e+05 1.568175665000000000e+09
2.803640000000000000e+05 1.575063443000000000e+09
2.803640000000000000e+05 1.580734381000000000e+09
2.803640000000000000e+05 1.709412796000000000e+09
2.803850000000000000e+05 1.394291720000000000e+08
2.797150000000000000e+05 6.350199500000000000e+07
2.803850000000000000e+05 1.687559950000000000e+08
2.797150000000000000e+05 6.798373300000000000e+07
2.799660000000000000e+05 5.768783880000000000e+08
2.797150000000000000e+05 9.618032700000000000e+07
2.803640000000000000e+05 1.378457444000000000e+09
2.803640000000000000e+05 1.594449715000000000e+09
2.799660000000000000e+05 6.020314570000000000e+08
2.803640000000000000e+05 1.838163318000000000e+09
2.803640000000000000e+05 1.708788197000000000e+09
2.796850000000000000e+05 4.426240400000000000e+07
2.797150000000000000e+05 2.370426050000000000e+08
2.803640000000000000e+05 1.597461304000000000e+09
2.796940000000000000e+05 7.090676040000000000e+08
2.799930000000000000e+05 1.139829780000000000e+08
2.796850000000000000e+05 2.773182790000000000e+08
2.796850000000000000e+05 1.846061790000000000e+08
2.798410000000000000e+05 4.359597440000000000e+08
2.796850000000000000e+05 3.487994710000000000e+08
2.796940000000000000e+05 4.586054370000000000e+08
2.796940000000000000e+05 5.393585730000000000e+08
2.796940000000000000e+05 5.857005960000000000e+08
2.796850000000000000e+05 3.153320830000000000e+08
2.799940000000000000e+05 7.700359000000000000e+06
2.797150000000000000e+05 1.963483920000000000e+08
2.797150000000000000e+05 4.567987460000000000e+08
2.799310000000000000e+05 1.826903195000000000e+09
2.796940000000000000e+05 8.487326380000000000e+08
2.799310000000000000e+05 4.938963750000000000e+08
2.799310000000000000e+05 -6.248144220000000000e+08
2.799310000000000000e+05 -1.646265174000000000e+09
2.799310000000000000e+05 -1.640207671000000000e+09
2.796940000000000000e+05 1.507315011000000000e+09
2.797160000000000000e+05 1.004142507000000000e+09
2.803850000000000000e+05 2.019990857000000000e+09
2.798410000000000000e+05 -1.757903209000000000e+09
2.796940000000000000e+05 -1.927010218000000000e+09
2.796940000000000000e+05 -1.143046340000000000e+09
2.799750000000000000e+05 1.336731675000000000e+09
2.798410000000000000e+05 -1.979567839000000000e+09
2.798410000000000000e+05 -1.788424061000000000e+09
2.798410000000000000e+05 -1.995663740000000000e+09
2.800180000000000000e+05 6.085607680000000000e+08
2.800240000000000000e+05 5.688502160000000000e+08
2.797150000000000000e+05 1.277095270000000000e+08
2.800180000000000000e+05 8.160881000000000000e+08
2.800240000000000000e+05 4.963119300000000000e+08
2.797150000000000000e+05 6.923873960000000000e+08
2.799310000000000000e+05 -2.114745396000000000e+09
2.802490000000000000e+05 1.939747274000000000e+09
2.797160000000000000e+05 2.972707060000000000e+08
2.802490000000000000e+05 8.490107400000000000e+07
2.799310000000000000e+05 2.015113215000000000e+09
2.799310000000000000e+05 -2.109285717000000000e+09
2.803640000000000000e+05 1.855956154000000000e+09
2.799310000000000000e+05 2.039090737000000000e+09
2.797150000000000000e+05 9.447219000000000000e+08
2.797660000000000000e+05 1.475567950000000000e+08
2.797660000000000000e+05 1.491939690000000000e+08
2.803850000000000000e+05 1.371327911000000000e+09
2.797660000000000000e+05 1.211979770000000000e+08
2.797660000000000000e+05 2.624228580000000000e+08
2.800180000000000000e+05 1.114221733000000000e+09
2.799310000000000000e+05 -1.321809547000000000e+09
2.799310000000000000e+05 -1.218382852000000000e+09
2.799310000000000000e+05 -1.035388394000000000e+09
2.803850000000000000e+05 4.016952620000000000e+08
2.797160000000000000e+05 1.581387320000000000e+08
2.797160000000000000e+05 3.231102030000000000e+08
2.797160000000000000e+05 1.933131120000000000e+09
2.797600000000000000e+05 8.324827610000000000e+08
2.797160000000000000e+05 7.255902850000000000e+08
2.797160000000000000e+05 1.168990650000000000e+09
2.797660000000000000e+05 3.754486490000000000e+08
2.799310000000000000e+05 -1.064421212000000000e+09
2.802510000000000000e+05 1.485981000000000000e+06
2.802510000000000000e+05 1.861175000000000000e+06
2.802490000000000000e+05 2.093126567000000000e+09
2.800240000000000000e+05 2.952446280000000000e+08
2.797160000000000000e+05 -1.670650712000000000e+09
2.800180000000000000e+05 1.970035774000000000e+09
2.802490000000000000e+05 1.172599091000000000e+09
2.797660000000000000e+05 4.040941000000000000e+07
2.797600000000000000e+05 5.810351650000000000e+08
2.799750000000000000e+05 1.094685329000000000e+09
2.798230000000000000e+05 4.286226780000000000e+08
2.799660000000000000e+05 1.224005460000000000e+08
2.801880000000000000e+05 5.884726000000000000e+06
2.801880000000000000e+05 3.522984170000000000e+08
2.797600000000000000e+05 1.428695110000000000e+08
2.797600000000000000e+05 1.650727580000000000e+08
2.799310000000000000e+05 1.732364180000000000e+08
2.797600000000000000e+05 1.323850720000000000e+08
2.801870000000000000e+05 5.875116800000000000e+07
2.801880000000000000e+05 2.198682940000000000e+08
2.801880000000000000e+05 2.229700600000000000e+08
2.801910000000000000e+05 1.267220640000000000e+08
2.801910000000000000e+05 1.475934190000000000e+08
2.801910000000000000e+05 1.680718880000000000e+08
2.797940000000000000e+05 2.699055340000000000e+08
2.797940000000000000e+05 3.778860600000000000e+08
2.797600000000000000e+05 3.617147900000000000e+08
2.799310000000000000e+05 5.406606630000000000e+08
2.799310000000000000e+05 5.692184390000000000e+08
2.799310000000000000e+05 5.909004900000000000e+08
2.797600000000000000e+05 4.737954140000000000e+08
2.801880000000000000e+05 2.997961350000000000e+08
2.801880000000000000e+05 9.695598000000000000e+07
2.799310000000000000e+05 -1.510805103000000000e+09
2.800150000000000000e+05 4.597692270000000000e+08
2.801880000000000000e+05 2.922296580000000000e+08
2.799750000000000000e+05 7.772071610000000000e+08
2.801910000000000000e+05 2.172561130000000000e+08
2.801880000000000000e+05 2.501614000000000000e+07
2.797600000000000000e+05 7.554596260000000000e+08
2.801880000000000000e+05 2.607458110000000000e+08
2.801910000000000000e+05 1.828247170000000000e+08
2.799310000000000000e+05 4.159311730000000000e+08
2.801910000000000000e+05 1.907154970000000000e+08
2.800240000000000000e+05 2.933001800000000000e+07
2.797940000000000000e+05 4.972473170000000000e+08
2.797660000000000000e+05 1.574945453000000000e+09
2.797660000000000000e+05 2.018738977000000000e+09
2.797670000000000000e+05 4.477156510000000000e+08
2.797660000000000000e+05 -1.454244357000000000e+09
2.800180000000000000e+05 2.365479560000000000e+08
2.802510000000000000e+05 4.879794500000000000e+07
2.802490000000000000e+05 -2.063283239000000000e+09
2.797660000000000000e+05 -1.465926933000000000e+09
2.802490000000000000e+05 1.384274641000000000e+09
2.802510000000000000e+05 5.042907810000000000e+08
2.797670000000000000e+05 6.105739400000000000e+07
2.799310000000000000e+05 -1.222429237000000000e+09
2.803850000000000000e+05 2.435773510000000000e+08
2.797670000000000000e+05 2.204364460000000000e+08
2.803850000000000000e+05 3.770436810000000000e+08
2.799750000000000000e+05 6.953207810000000000e+08
2.803850000000000000e+05 1.363641310000000000e+08
2.797670000000000000e+05 8.481532470000000000e+08
2.797670000000000000e+05 4.863760000000000000e+08
2.799310000000000000e+05 6.314403290000000000e+08
2.799310000000000000e+05 -1.096328706000000000e+09
2.803850000000000000e+05 7.395497240000000000e+08
2.797940000000000000e+05 3.661054090000000000e+08
2.797940000000000000e+05 1.646448310000000000e+08
2.799750000000000000e+05 8.640430570000000000e+08
2.797940000000000000e+05 1.561684387000000000e+09
2.798410000000000000e+05 9.660008530000000000e+08
2.798410000000000000e+05 1.785299090000000000e+08
2.803640000000000000e+05 1.546302127000000000e+09
2.803850000000000000e+05 -1.897997245000000000e+09
2.803850000000000000e+05 -1.311596134000000000e+09
2.798410000000000000e+05 6.636631480000000000e+08
2.803300000000000000e+05 3.337181390000000000e+08
2.803300000000000000e+05 5.143448250000000000e+08
2.803300000000000000e+05 5.688432150000000000e+08
2.798410000000000000e+05 1.906220495000000000e+09
2.798410000000000000e+05 -9.884029620000000000e+08
2.803640000000000000e+05 7.009208750000000000e+08
2.798440000000000000e+05 1.099644860000000000e+08
2.803850000000000000e+05 1.063445103000000000e+09
2.803850000000000000e+05 4.190855990000000000e+08
2.803850000000000000e+05 7.072599060000000000e+08
2.798870000000000000e+05 4.102039400000000000e+08
2.799310000000000000e+05 3.299893290000000000e+08
2.799310000000000000e+05 3.619161300000000000e+07
2.801910000000000000e+05 8.249991100000000000e+07
2.799310000000000000e+05 5.090697030000000000e+08
2.803850000000000000e+05 5.298006570000000000e+08
2.801870000000000000e+05 4.066673400000000000e+07
2.803850000000000000e+05 1.075016980000000000e+08
2.799310000000000000e+05 1.051020590000000000e+09
2.799310000000000000e+05 -4.152285960000000000e+08
2.799310000000000000e+05 1.199399553000000000e+09
2.800180000000000000e+05 2.445056650000000000e+08
2.800240000000000000e+05 8.320560300000000000e+07
2.802490000000000000e+05 7.126906350000000000e+08
2.799310000000000000e+05 -1.491268181000000000e+09
2.799310000000000000e+05 -1.748554317000000000e+09
2.799310000000000000e+05 -1.735400584000000000e+09
2.802490000000000000e+05 -1.806311214000000000e+09
2.802490000000000000e+05 2.003860681000000000e+09
2.802490000000000000e+05 1.743052152000000000e+09
2.799750000000000000e+05 6.302559000000000000e+07
2.799750000000000000e+05 6.207102500000000000e+07
2.802490000000000000e+05 6.814519750000000000e+08
2.799750000000000000e+05 7.485395860000000000e+08
2.799750000000000000e+05 7.665406320000000000e+08
2.801910000000000000e+05 8.581844000000000000e+07
2.803850000000000000e+05 2.956188320000000000e+08
2.800240000000000000e+05 3.638954570000000000e+08
2.802490000000000000e+05 3.427486370000000000e+08
2.802490000000000000e+05 1.982671930000000000e+08
2.802490000000000000e+05 1.972673318000000000e+09
2.799930000000000000e+05 6.337644300000000000e+07
2.802490000000000000e+05 5.189258580000000000e+08
2.802490000000000000e+05 1.723201291000000000e+09
2.802490000000000000e+05 1.963092282000000000e+09
2.802490000000000000e+05 2.967664100000000000e+07
2.802490000000000000e+05 -1.826148560000000000e+09
2.802420000000000000e+05 5.985446680000000000e+08
2.802490000000000000e+05 1.836626887000000000e+09
2.800150000000000000e+05 3.784558110000000000e+08
2.800180000000000000e+05 -2.133796363000000000e+09
2.800180000000000000e+05 2.079122070000000000e+09
2.800180000000000000e+05 1.068159932000000000e+09
2.800180000000000000e+05 1.375989924000000000e+09
2.802490000000000000e+05 1.484232440000000000e+09
2.800180000000000000e+05 9.050706270000000000e+08
2.800180000000000000e+05 6.141172230000000000e+08
2.800240000000000000e+05 2.841841710000000000e+08
2.802490000000000000e+05 1.523700429000000000e+09
2.803640000000000000e+05 1.077962310000000000e+08
2.802420000000000000e+05 1.115060447000000000e+09
2.802490000000000000e+05 2.308480650000000000e+08
2.802420000000000000e+05 2.495347710000000000e+08
2.802420000000000000e+05 2.463195900000000000e+08
2.803300000000000000e+05 2.846503630000000000e+08
2.803300000000000000e+05 4.043805180000000000e+08
2.803300000000000000e+05 2.690453800000000000e+08
2.803300000000000000e+05 3.667913250000000000e+08
2.803300000000000000e+05 4.400923020000000000e+08
2.803300000000000000e+05 1.319549137000000000e+09
2.803300000000000000e+05 1.101265266000000000e+09
2.803490000000000000e+05 7.478964820000000000e+08
2.803850000000000000e+05 1.802107186000000000e+09
2.803850000000000000e+05 -1.458001594000000000e+09
