2.743880000000000000e+05 1.400606045000000000e+09
2.743880000000000000e+05 1.474177444000000000e+09
2.743880000000000000e+05 1.521176520000000000e+09
2.749710000000000000e+05 6.793953140000000000e+08
2.753090000000000000e+05 2.735197190000000000e+08
2.753090000000000000e+05 2.744461630000000000e+08
2.753090000000000000e+05 2.747744800000000000e+08
2.753090000000000000e+05 2.741232170000000000e+08
2.753090000000000000e+05 9.342761060000000000e+08
2.753090000000000000e+05 9.365287430000000000e+08
2.753100000000000000e+05 3.093470700000000000e+07
2.753100000000000000e+05 4.465593510000000000e+08
2.753100000000000000e+05 1.185204181000000000e+09
